260 265 270 275 280 285 290 295 300 305 310 315 320 325 330 335 340 345 350 355 360 365 370 375 380 385 390 395 400 405 410 415 420 425 430 435 440 445 450 455 460 465 470 475 480 485 490 495 500 505 510 515 520 525 530 535 540 545 550 555 560 565 570 575 580 585 590 595 600 605 610 615 620 625 630 635 640 645 650 655 660 665 670 675 680 685 690 695 700 705 710 715 720 725 730 735 740 745 750
520 0 0 0 0 0 0 0 0 0 0 0 0 0 0 0 0 0 0 0 0 0 0 0 0 0 0 0 0 0 0 0 0 0 0 0 0 0 0 0 0 0 0 0 0 0 0 0 0 0 0 0 0 0 0 1934 1043 503 705 875 1491 2174 4542 9021 18934 35696 64695 102948 140072 163174 164316 148262 122258 98896 75764 58117 45617 36731 31840 27845 25737 22495 19514 16706 14193 11269 8571 6865 5475 4379 3649 2934 2458 1839 1681 1419 1255 1168 874 730
510 0 0 0 0 0 0 0 0 0 0 0 0 0 0 0 0 0 0 0 0 0 0 0 0 0 0 0 0 0 0 0 0 0 0 0 0 0 0 0 0 0 0 0 0 0 0 0 0 0 0 0 0 1568 1241 615 582 297 496 690 1033 1903 3053 6188 12181 23724 43034 67762 92928 109016 109694 99203 82088 64885 50581 38633 30519 24694 21149 18905 17355 15351 13591 11524 9264 7385 6161 4455 3868 2844 2342 1921 1719 1385 1283 994 828 814 688 654
500 0 0 0 0 0 0 0 0 0 0 0 0 0 0 0 0 0 0 0 0 0 0 0 0 0 0 0 0 0 0 0 0 0 0 0 0 0 0 0 0 0 0 0 0 0 0 0 0 0 0 2125 898 517 417 264 22 102 28 508 489 1275 2206 4376 8951 16678 30597 48442 65704 77029 77842 70338 59801 47128 35669 27729 21990 17915 14949 13465 11876 11048 9469 8214 6926 5435 3990 3243 2832 2295 1973 1537 1106 1042 926 706 658 556 628 434
490 0 0 0 0 0 0 0 0 0 0 0 0 0 0 0 0 0 0 0 0 0 0 0 0 0 0 0 0 0 0 0 0 0 0 0 0 0 0 0 0 0 0 0 0 0 0 0 0 3192 1210 549 0 0 0 0 0 0 0 0 0 233 1034 2385 5027 10301 18836 29905 41629 48064 48759 43723 35902 29281 22348 16976 13843 11098 9494 8525 7885 7084 6336 5067 4417 3549 2640 2294 1777 1465 1080 908 864 764 676 546 440 398 456 328
480 0 0 0 0 0 0 0 0 0 0 0 0 0 0 0 0 0 0 0 0 0 0 0 0 0 0 0 0 0 0 0 0 0 0 0 0 0 0 0 0 0 0 0 0 0 0 4853 2336 1188 34 0 0 0 0 0 0 0 0 0 0 0 0 12 2465 6217 12110 19311 26632 31258 31222 27665 24136 19010 14740 11463 8952 7408 6204 6008 5339 4598 4127 3467 3169 2340 1837 1531 1357 1022 1068 750 516 458 554 402 324 474 240 150
470 0 0 0 0 0 0 0 0 0 0 0 0 0 0 0 0 0 0 0 0 0 0 0 0 0 0 0 0 0 0 0 0 0 0 0 0 0 0 0 0 0 0 0 0 6763 3492 2104 646 0 0 0 0 0 0 0 0 0 0 0 0 0 0 0 2096 5846 11826 19386 27050 31330 32240 29749 24603 19579 15106 11849 9219 7608 6903 5980 5480 4562 4396 3806 3183 2282 2025 1453 1459 1231 934 668 698 508 528 494 462 272 254 188
460 0 0 0 0 0 0 0 0 0 0 0 0 0 0 0 0 0 0 0 0 0 0 0 0 0 0 0 0 0 0 0 0 0 0 0 0 0 0 0 0 0 0 7797 4323 2749 1505 551 102 0 0 0 0 0 0 0 0 0 0 0 0 0 0 0 1631 4783 9403 16322 23054 27487 28542 26415 21840 17231 13825 10497 8708 6671 5954 5268 4823 4188 3792 3267 2738 2436 1807 1399 1353 856 828 762 564 578 344 328 280 274 192 210
450 0 0 0 0 0 0 0 0 0 0 0 0 0 0 0 0 0 0 0 0 0 0 0 0 0 0 0 0 0 0 0 0 0 0 0 0 0 0 0 0 10540 5305 3796 2411 1354 939 241 0 0 0 0 0 0 0 0 0 0 0 0 0 0 0 0 1317 4547 10304 17153 24622 29619 30079 27761 22774 18220 14418 11006 9000 7165 6091 5481 5121 4290 3835 3508 2905 2228 1327 1531 1233 942 818 556 548 530 546 402 374 278 144 144
440 0 0 0 0 0 0 0 0 0 0 0 0 0 0 0 0 0 0 0 0 0 0 0 0 0 0 0 0 0 0 0 0 0 0 0 0 0 0 11350 5791 4418 3074 2226 1430 578 449 0 0 0 0 0 0 0 0 0 0 0 0 0 0 0 0 0 1496 4653 9625 17436 24670 29892 30628 27148 22987 18095 14164 11103 8648 7227 5999 5437 5102 4903 3991 3342 2813 2242 1655 1407 1191 928 894 712 646 572 644 470 348 450 310 234
430 0 0 0 0 0 0 0 0 0 0 0 0 0 0 0 0 0 0 0 0 0 0 0 0 0 0 0 0 0 0 0 0 0 0 0 0 12940 7757 4859 3588 2823 2491 1453 1200 184 0 0 0 0 0 0 0 0 0 0 0 0 0 0 0 0 0 0 1431 5152 11064 18964 27273 32977 33570 30419 25355 20151 15891 12199 9747 8251 7568 8021 7730 6117 4817 3939 3323 2520 2280 1857 1363 981 1107 724 842 646 642 586 482 422 262 278
420 0 0 0 0 0 0 0 0 0 0 0 0 0 0 0 0 0 0 0 0 0 0 0 0 0 0 0 0 0 0 0 0 0 0 15872 9578 6501 4732 3753 2701 2342 1960 1370 484 0 0 0 0 0 0 0 0 0 0 0 0 0 0 0 0 0 0 0 2027 5548 10616 19163 27208 32692 33910 29731 25382 20249 15275 11797 9300 8695 8412 9902 8919 6670 5400 4210 3293 2751 2186 1701 1431 1321 1009 901 896 684 758 468 500 390 370 260
410 0 0 0 0 0 0 0 0 0 0 0 0 0 0 0 0 0 0 0 0 0 0 0 0 0 0 0 0 0 0 0 0 27061 19225 16424 14621 12604 11363 10053 8338 7675 5958 962 0 855 849 309 0 0 0 0 0 0 0 0 0 0 0 0 0 0 0 0 1523 4381 8580 15139 21923 26416 26057 24097 20206 16136 12234 10042 7469 6730 6847 7866 7580 5800 4480 3230 2663 2008 1741 1659 1281 1177 951 877 708 738 716 714 516 414 476 410
400 0 0 0 0 0 0 0 0 0 0 0 0 0 0 0 0 0 0 0 0 0 0 0 0 0 0 0 0 0 0 75823 76491 80075 82473 82704 81257 77709 70691 63747 54104 44486 41680 36765 32149 26258 22573 18063 13710 9791 7439 5579 3899 3008 2233 1011 662 235 0 26 0 0 140 862 1669 4063 7644 12869 18144 21092 22315 19970 16913 13353 10572 8258 7370 5871 5629 6038 5662 4615 3837 2997 2555 2182 1814 1283 1325 1051 1009 867 753 803 630 618 484 662 502 560
390 0 0 0 0 0 0 0 0 0 0 0 0 0 0 0 0 0 0 0 0 0 0 0 0 0 0 0 0 155692 199873 252242 292674 322316 336049 345141 335755 321196 293044 267466 248839 220074 193071 166661 143658 124220 104216 86984 69985 55374 45577 37161 30220 24313 20271 15856 12929 10092 8141 6674 5093 3995 3366 3702 4277 5500 7885 12024 16589 18940 19485 17608 14517 12031 9080 7200 5857 4994 4585 4672 4463 3721 3408 2845 2445 2176 1724 1359 1373 1219 1311 1065 1063 1011 799 845 915 979 939 1165
380 0 0 0 0 0 0 0 0 0 0 0 0 0 0 0 0 0 0 0 0 0 0 0 0 0 0 129556 213153 342218 482908 614580 719522 792564 829211 835757 818581 790855 744316 679229 613344 545978 483467 420177 364433 314737 268613 223586 182592 149286 120715 99471 82543 67403 56036 45432 37513 30714 24879 20298 16601 14959 11998 10608 10614 12347 18058 26065 34069 40086 40552 37955 30933 25441 19951 15515 12885 10267 8708 8684 7599 6505 5963 5029 4338 3779 3280 2953 2605 1990 1892 1580 1752 1798 1648 1685 1728 2195 3348 0.00E+00
370 0 0 0 0 0 0 0 0 0 0 0 0 0 0 0 0 0 0 0 0 0 0 0 0 61609 99954 186919 344885 553712 781000 992787 1147950 1242006 1314433 1333897 1317729 1257879 1178113 1077851 971424 865159 763001 667638 577661 496653 430616 357706 293759 238447 196002 163036 136102 111572 93267 77049 63010 51694 43186 35367 29009 23821 20457 18195 19520 24635 35595 51769 68744 80202 81109 73117 60986 48256 36848 29688 23038 19026 16653 14494 13567 12541 10922 9423 7824 6631 5512 4840 4246 3907 3325 3275 3117 3347 4004 0 0 0 0 0
360 0 0 0 0 0 0 0 0 0 0 0 0 0 0 0 0 0 0 0 0 0 0 40423 32347 53065 117646 236437 432259 687966 951787 1210696 1412183 1556665 1626223 1645609 1615184 1535065 1435269 1315334 1186506 1056633 931828 814527 706536 611919 525808 438047 358020 296226 242688 202171 165991 137841 113904 94396 78028 64226 53452 44403 36610 29695 25326 22081 22172 22809 29295 38520 49752 54126 53361 48717 41658 33154 25812 20763 16419 14079 12412 11000 10209 9038 8665 8051 7151 6235 5566 4847 4906 5177 5907 0 0 0 0 0 0 0 0 0
350 0 0 0 0 0 0 0 0 0 0 0 0 0 0 0 0 0 0 0 0 42026 23631 18790 25288 52680 119445 241702 426746 696805 983082 1235249 1434756 1554273 1623217 1643142 1613468 1543434 1433919 1314629 1185873 1056403 932887 813002 703320 602903 521858 434632 357096 291131 239664 199708 166255 136255 113993 92754 78422 63992 53515 44126 36283 30034 24936 21223 20437 21742 26425 34099 42514 48176 46722 42425 36296 29010 22792 18415 15233 12324 11075 10128 9434 8816 8173 8272 7240 7397 8634 0 0 0 0 0 0 0 0 0 0 0 0 0
340 0 0 0 0 0 0 0 0 0 0 0 0 0 0 0 0 0 0 43556 23776 15986 13990 15255 21276 34945 90631 207219 375297 590782 817832 1032305 1181947 1292044 1341876 1361505 1331771 1272036 1193177 1083876 974661 868090 762968 667022 576128 497877 427623 354214 289332 238131 195914 162399 133954 111059 91995 77326 63228 51566 43508 35175 29729 23946 21053 18458 17599 19248 24926 33847 42878 49572 49651 44748 37748 31262 24229 19789 15765 13733 12236 11890 11767 11916 13067 0 0 0 0 0 0 0 0 0 0 0 0 0 0 0 0 0
330 0 0 0 0 0 0 0 0 0 0 0 0 0 0 0 0 43514 23065 15887 12388 9766 2412 0 13632 33163 73859 149190 269500 419223 579623 731026 842671 918532 957989 966556 949074 904463 835169 765422 687241 612126 537728 467988 402893 345407 298594 250694 201220 165873 136909 112223 93161 76189 63853 52353 43115 35936 29642 24915 20760 16967 14808 14212 14762 19417 28620 43674 59259 68429 71513 64534 54949 44154 35393 28377 23630 22052 22132 0 0 0 0 0 0 0 0 0 0 0 0 0 0 0 0 0 0 0 0 0
320 0 0 0 0 0 0 0 0 0 0 0 0 0 0 44345 23603 12277 8288 4590 0 0 2672 7715 12586 23441 51382 104470 186499 296027 407973 510849 594900 642746 671384 678861 662148 631701 589388 538688 482397 428267 376132 326834 281683 240386 207625 171952 141690 114323 92898 78094 63742 52179 44301 35730 30302 24904 20793 16999 14846 13280 11571 11733 14955 22075 36125 56287 76947 91960 93845 86650 73896 61392 52084 0 0 0 0 0 0 0 0 0 0 0 0 0 0 0 0 0 0 0 0 0 0 0 0 0
310 0 0 0 0 0 0 0 0 0 0 0 0 40528 25117 18879 14280 4158 0 2858 5760 3703 4456 6298 9514 23260 52327 108145 193624 306957 422862 531661 613221 667915 696895 701978 686397 659146 611158 559111 502337 444870 389818 340629 294259 249429 216024 179033 144481 118065 98001 81179 66923 54683 45605 37628 31704 25998 21730 18057 15664 13809 12433 11962 15699 22842 36995 58911 79527 96347 99238 0 0 0 0 0 0 0 0 0 0 0 0 0 0 0 0 0 0 0 0 0 0 0 0 0 0 0 0 0
300 0 0 0 0 0 0 0 0 0 0 41957 44199 50620 56563 48604 56979 63573 59486 58035 53882 46056 39871 35603 35433 43313 71483 129391 223053 345471 474605 594611 687045 748099 781946 788285 770053 734078 685893 626010 559649 500306 438707 382038 328230 281151 242501 202042 164107 133952 110625 89701 74727 61862 51988 42816 35240 29316 23923 19404 16928 15336 13644 14722 18636 28071 47390 0 0 0 0 0 0 0 0 0 0 0 0 0 0 0 0 0 0 0 0 0 0 0 0 0 0 0 0 0 0 0 0 0
290 0 0 0 0 0 0 0 0 70346 98157 129383 153429 165200 195857 210512 208543 192309 178908 169611 156395 135631 116851 103386 86013 82984 99736 140202 214481 312425 423754 525039 601507 650366 677582 681889 669213 634207 589116 538719 486514 431292 375553 326157 282379 241608 206020 171042 138984 112838 93706 76926 63240 52147 42661 34628 29128 24414 20147 16850 14831 12248 11834 0 0 0 0 0 0 0 0 0 0 0 0 0 0 0 0 0 0 0 0 0 0 0 0 0 0 0 0 0 0 0 0 0 0 0 0 0
280 0 0 0 0 0 0 49647 120163 207368 272736 322936 339541 327079 296562 265997 235451 202638 175597 157865 142626 122728 103090 86952 74610 67122 71991 92828 134117 188850 249162 304719 347993 376057 392868 393216 382763 363353 338893 307686 279050 243076 215090 185004 161986 137586 116272 97913 79563 64942 52131 42625 34543 28962 23482 19831 15247 13368 10941 0 0 0 0 0 0 0 0 0 0 0 0 0 0 0 0 0 0 0 0 0 0 0 0 0 0 0 0 0 0 0 0 0 0 0 0 0 0 0 0 0
270 0 0 0 0 1643 8741 34427 78678 143883 198364 228382 234270 223190 206124 185512 166351 143528 127859 115230 102838 90014 75678 64042 53752 48840 49733 55393 72872 95204 122061 147968 166121 178135 183377 184049 176749 167902 154525 141837 127018 111328 96664 83597 71206 60124 52055 42578 34152 28183 22115 18307 14192 11643 9166 0 0 0 0 0 0 0 0 0 0 0 0 0 0 0 0 0 0 0 0 0 0 0 0 0 0 0 0 0 0 0 0 0 0 0 0 0 0 0 0 0 0 0 0 0
260 0 0 170 478 1333 4670 16661 34303 55592 73444 85573 90006 89851 86470 81792 73998 66835 60313 55432 50929 44820 39254 34732 27964 24246 25309 30379 37653 49603 63160 76697 85663 91716 92541 93497 91034 84345 78869 70740 62484 55374 48187 40726 35445 30140 24499 20721 16611 13243 10669 0 0 0 0 0 0 0 0 0 0 0 0 0 0 0 0 0 0 0 0 0 0 0 0 0 0 0 0 0 0 0 0 0 0 0 0 0 0 0 0 0 0 0 0 0 0 0 0 0
250 98 52 112 142 766 2392 5923 10686 16319 21176 25507 27849 29160 29877 30199 27896 25443 22997 22789 22693 17856 14689 14158 12137 11734 13598 19985 29603 44371 58075 72628 82472 91689 94790 95234 93193 88264 82024 74621 66878 58789 51776 45505 37357 33922 28009 0 0 0 0 0 0 0 0 0 0 0 0 0 0 0 0 0 0 0 0 0 0 0 0 0 0 0 0 0 0 0 0 0 0 0 0 0 0 0 0 0 0 0 0 0 0 0 0 0 0 0 0 0
