260 265 270 275 280 285 290 295 300 305 310 315 320 325 330 335 340 345 350 355 360 365 370 375 380 385 390 395 400 405 410 415 420 425 430 435 440 445 450 455 460 465 470 475 480 485 490 495 500 505 510 515 520 525 530 535 540 545 550 555 560 565 570 575 580 585 590 595 600 605 610 615 620 625 630 635 640 645 650 655 660 665 670 675 680 685 690 695 700 705 710 715 720 725 730 735 740 745 750
520 0 0 0 0 0 0 0 0 0 0 0 0 0 0 0 0 0 0 0 0 0 0 0 0 0 0 0 0 0 0 0 0 0 0 0 0 0 0 0 0 0 0 0 0 0 0 0 0 0 0 0 0 0 0 25250 18031 14624 12559 11711 10814 9899 8495 8014 7036 6902 6289 5210 4857 4041 3802 3484 3177 2877 2503 2142 2102 1952 1875 1513 1573 1273 1281 1053 1177 952 1020 764 926 974 858 706 708 740 634 624 770 922 732 624
510 0 0 0 0 0 0 0 0 0 0 0 0 0 0 0 0 0 0 0 0 0 0 0 0 0 0 0 0 0 0 0 0 0 0 0 0 0 0 0 0 0 0 0 0 0 0 0 0 0 0 0 0 46275 38568 35824 33834 31989 30638 27956 26406 24379 21965 19716 17824 15769 13950 12258 11223 9660 8442 7640 6706 5742 5183 4574 4105 3618 2987 2896 2616 1975 1887 1711 1487 1385 1391 1203 1094 1130 918 962 802 746 774 734 836 748 828 912
500 0 0 0 0 0 0 0 0 0 0 0 0 0 0 0 0 0 0 0 0 0 0 0 0 0 0 0 0 0 0 0 0 0 0 0 0 0 0 0 0 0 0 0 0 0 0 0 0 0 0 100158 103210 106340 105766 104252 101751 97357 93435 87836 81213 74974 69090 62114 55694 48871 43433 38312 33469 28854 25395 22967 19606 16831 15045 12307 10792 9138 7949 6982 5959 4836 4144 3662 2949 2634 2472 2007 1819 1859 1621 1453 1183 1233 894 918 972 992 1100 880
490 0 0 0 0 0 0 0 0 0 0 0 0 0 0 0 0 0 0 0 0 0 0 0 0 0 0 0 0 0 0 0 0 0 0 0 0 0 0 0 0 0 0 0 0 0 0 0 0 154163 182986 211003 234107 246576 251349 249235 241757 232828 224764 210330 196915 180687 164573 148719 130073 117172 102886 92118 80322 69415 60988 52295 45321 39769 33015 28479 24255 20228 17300 14971 12452 10697 8923 7782 6420 5666 4664 4054 3722 2944 2606 2071 1867 1791 1593 1659 1715 1435 1233 1168
480 0 0 0 0 0 0 0 0 0 0 0 0 0 0 0 0 0 0 0 0 0 0 0 0 0 0 0 0 0 0 0 0 0 0 0 0 0 0 0 0 0 0 0 0 0 0 137160 190852 257399 326535 383784 426806 453924 458975 458449 445504 432360 411707 388029 362527 332765 302659 270690 242700 214773 190079 169453 147159 130785 112568 97250 82906 72234 60818 52652 43809 36976 31638 26277 22150 18687 16185 13413 11579 9718 8080 6655 5818 4866 4443 3669 3255 2828 2614 2294 2165 1939 1519 1209
470 0 0 0 0 0 0 0 0 0 0 0 0 0 0 0 0 0 0 0 0 0 0 0 0 0 0 0 0 0 0 0 0 0 0 0 0 0 0 0 0 0 0 0 0 83027 125394 199863 300357 412147 531381 627251 695781 735481 750839 743686 726534 701725 673173 633110 586134 540755 490500 444697 396181 352768 310678 274453 240001 213331 184921 159149 136647 116483 99518 84181 71853 60621 49656 43210 35532 30339 25620 21098 17894 15239 12671 11151 9252 8034 6733 5921 4960 4533 3728 3439 2994 2632 2410 2029
460 0 0 0 0 0 0 0 0 0 0 0 0 0 0 0 0 0 0 0 0 0 0 0 0 0 0 0 0 0 0 0 0 0 0 0 0 0 0 0 0 0 0 39051 39141 62428 112305 186560 281434 388050 498875 586740 651301 690635 706354 699624 680806 658586 629046 591130 548273 506717 462900 414231 371342 328810 292342 260335 226619 198213 171895 149185 127385 110223 93598 79434 67184 56846 47801 40788 33908 28447 23560 20206 17804 14446 12390 9986 8893 7379 6326 5704 4592 4132 3670 3786 2981 2568 2366 1889
450 0 0 0 0 0 0 0 0 0 0 0 0 0 0 0 0 0 0 0 0 0 0 0 0 0 0 0 0 0 0 0 0 0 0 0 0 0 0 0 0 33064 22165 22659 34056 62170 115923 194312 294435 408850 522885 616478 685577 722469 736976 730078 714637 687490 656224 621119 576912 531108 484647 435054 387480 344336 305000 269982 235692 207935 179873 156633 133735 114627 97545 83215 70040 59697 50479 42642 35960 29482 25242 21376 18071 15395 12772 11280 9340 8011 6553 5796 5167 4407 4006 3505 3011 2752 2340 2185
440 0 0 0 0 0 0 0 0 0 0 0 0 0 0 0 0 0 0 0 0 0 0 0 0 0 0 0 0 0 0 0 0 0 0 0 0 0 0 34235 19975 15394 14510 19112 29913 55558 102049 170124 260624 355641 452064 534674 597007 629387 639007 637580 621643 598649 570783 541991 501818 459997 418504 378811 338399 298382 267382 235757 206263 180999 156429 134225 116889 99627 84899 72490 60646 51991 42701 36839 31379 26364 22283 19255 15824 13534 11087 9188 8050 7098 5726 5189 4455 4341 3583 3161 2696 2330 2404 2077
430 0 0 0 0 0 0 0 0 0 0 0 0 0 0 0 0 0 0 0 0 0 0 0 0 0 0 0 0 0 0 0 0 0 0 0 0 37929 23896 18212 15675 15328 16943 20703 30407 52090 90629 147259 218788 299431 379855 448344 499506 522111 532526 528928 515281 496835 476080 447171 417155 384368 346254 312677 280739 247760 221674 195125 170081 148551 129607 112245 96985 82091 70285 60212 51089 43753 36472 30815 26161 22057 18816 15556 13739 11234 9819 8060 6795 5787 5213 4333 4475 3880 3127 2896 2276 2198 1883 1729
420 0 0 0 0 0 0 0 0 0 0 0 0 0 0 0 0 0 0 0 0 0 0 0 0 0 0 0 0 0 0 0 0 0 0 43317 28978 24365 22724 23500 23608 25441 26627 31573 39764 57730 90980 136098 198146 269025 336480 394676 434212 460936 465240 460371 449062 433196 414012 389657 361900 333483 302858 271026 243221 215580 190752 170142 148310 129919 112927 97621 83578 72952 61838 52143 44738 37494 32239 27803 22520 19463 16433 13717 11685 9966 8925 7181 6479 5582 4758 3944 3786 3307 2955 2492 2276 2125 2216 1929
410 0 0 0 0 0 0 0 0 0 0 0 0 0 0 0 0 0 0 0 0 0 0 0 0 0 0 0 0 0 0 0 0 45084 29510 25482 26991 29282 31818 34554 38016 39619 42356 43777 48322 61914 88809 125945 173454 225779 280329 323974 356094 372870 380702 373158 363641 351915 331609 313564 292278 267403 242576 217857 194777 174732 153722 134800 119437 103697 91362 78495 68325 58524 50319 42701 35906 30810 26164 22258 19292 16007 13719 12033 10389 8963 7392 6228 5290 4652 4073 3526 3516 3011 2810 2526 2312 2186 1977 1947
400 0 0 0 0 0 0 0 0 0 0 0 0 0 0 0 0 0 0 0 0 0 0 0 0 0 0 0 0 0 0 45584 27998 23342 22501 24608 29853 35073 40630 45355 48682 49171 49361 55976 61922 71996 96176 126029 168114 214420 260737 300673 330595 341995 347407 340974 332593 318098 303460 285378 265287 244513 223131 199870 176001 159369 139599 124688 110044 96800 83690 72668 62847 53926 46722 40187 34097 29203 24572 21120 17996 15561 12733 11063 9377 8204 7071 6124 5465 5086 4406 4101 3770 3710 3225 3265 2777 2686 2695 2701
390 0 0 0 0 0 0 0 0 0 0 0 0 0 0 0 0 0 0 0 0 0 0 0 0 0 0 0 0 59892 33623 26172 21410 20378 21776 25733 31909 38572 43586 45867 51017 54521 58399 60992 66883 80241 103916 139084 185980 234938 290511 333552 367524 381042 386768 381607 369984 353487 338647 318516 296460 272341 247505 222682 200406 175845 157269 139256 122582 106870 93921 80539 69634 60910 50242 43984 37111 32335 26279 23070 19572 16647 14536 12855 10669 9429 8033 7052 6392 5750 5206 5132 4731 4145 4065 4274 3787 4056 4016 4266
380 0 0 0 0 0 0 0 0 0 0 0 0 0 0 0 0 0 0 0 0 0 0 0 0 0 0 51496 29405 21019 16662 14103 14456 15410 19612 24784 26548 33119 43860 49697 52927 55751 58911 62399 68766 83737 114113 154986 208392 268686 329815 380171 418967 440677 442388 436848 425595 412775 388278 366094 341497 316119 285333 257051 229793 204492 180123 159307 140354 122814 107536 91144 79154 67412 58079 49573 42498 36252 30063 25842 22073 18876 16684 13589 12523 11066 9243 8732 7696 6513 6374 6268 6031 5777 5992 5628 6227 8144 13693 0.00E+00
370 0 0 0 0 0 0 0 0 0 0 0 0 0 0 0 0 0 0 0 0 0 0 0 0 52405 39424 21318 16916 14506 12266 12541 12505 11267 11462 21092 29608 37078 44198 48513 53234 55715 60349 63629 70446 85453 113416 154206 206259 262647 321502 371936 407902 426372 432567 426321 412195 396789 378176 358565 329799 303304 275354 245645 219638 196563 172865 153283 135586 118240 102942 89637 76618 66951 56449 48128 41018 35429 30575 25358 22054 19070 16429 14504 12469 10811 10088 9304 8691 8914 8425 8141 8749 11257 16486 0 0 0 0 0
360 0 0 0 0 0 0 0 0 0 0 0 0 0 0 0 0 0 0 0 0 0 0 55448 31796 21685 26039 14831 12134 12245 10812 1460 6611 13119 17778 22845 31457 38339 46149 52871 58499 60904 65527 68511 73999 86919 110008 143147 186020 233126 282988 321771 352291 366641 368904 366296 356173 338904 324214 304894 281963 259223 235364 211863 188798 167237 148018 132520 116120 102128 87880 76101 66755 56852 48432 42191 36774 30922 26401 23233 20164 17597 15888 15339 13787 12805 10967 10742 10859 13132 18959 0 0 0 0 0 0 0 0 0
350 0 0 0 0 0 0 0 0 0 0 0 0 0 0 0 0 0 0 0 0 56736 31408 22907 17059 14321 20091 16594 4373 1237 8207 8880 9793 12192 15562 20527 28343 35205 42783 50805 55210 59390 60667 63924 68036 76900 96958 120132 154496 188631 224064 254708 276355 286555 291293 286254 275191 264909 252020 237865 219919 201264 183697 164092 146820 131045 115641 101944 89863 79183 67969 58929 51127 45464 38456 33422 28680 24925 21674 19383 16932 15835 14188 13477 13108 15656 20800 0 0 0 0 0 0 0 0 0 0 0 0 0
340 0 0 0 0 0 0 0 0 0 0 0 0 0 0 0 0 0 0 52134 30051 21047 16705 14454 13758 9708 216 8055 8403 8973 7924 6646 7900 9441 12135 16545 22253 28178 34175 39030 42879 46723 49435 49980 52882 61920 72702 88914 110932 137031 161414 183299 197454 205559 205895 203475 196314 189073 179211 168780 156906 143648 130964 117470 103725 92672 82752 73403 64507 56405 50076 42996 38580 32891 28328 25430 22896 20504 18185 16929 16742 18530 24018 0 0 0 0 0 0 0 0 0 0 0 0 0 0 0 0 0
330 0 0 0 0 0 0 0 0 0 0 0 0 0 0 0 0 47052 27207 19302 15932 13045 13620 2400 0 8276 8118 8079 8196 8031 6411 6682 7323 9055 9341 13710 17458 20980 24294 28878 29384 32203 33817 36455 34621 39696 48726 58937 72735 87573 103009 114923 125961 130265 130320 126394 124421 120094 111769 106493 98422 89478 81532 74240 65635 58763 52624 46549 41808 37233 32886 28924 26378 23847 21768 20188 18745 20485 26800 0 0 0 0 0 0 0 0 0 0 0 0 0 0 0 0 0 0 0 0 0
320 0 0 0 0 0 0 0 0 0 0 0 0 0 0 42402 24964 16642 11548 10194 9541 0 4529 7054 7503 6787 7064 7101 6629 6202 5357 6101 5982 5880 6423 8970 10890 13183 15251 18896 19455 19050 20292 21495 21706 23990 27381 33720 40293 48749 57812 64286 68279 70846 72059 70062 68506 65389 61939 59090 55179 50772 46436 41498 38031 33822 30326 27990 25377 22845 21654 20176 19138 20761 26186 0 0 0 0 0 0 0 0 0 0 0 0 0 0 0 0 0 0 0 0 0 0 0 0 0
310 0 0 0 0 0 0 0 0 0 0 0 0 31909 19837 13773 10812 8934 0 0 4200 4143 3907 4788 3723 5057 4525 5325 5631 4945 4746 3590 4490 5217 4573 6466 8138 10078 9327 10215 10421 12481 12067 12134 11835 12792 14545 17175 21843 24829 30533 33832 37108 37447 38178 37840 36552 34974 33370 31617 29579 27285 25949 23385 21317 20386 18210 17335 17390 17854 22579 0 0 0 0 0 0 0 0 0 0 0 0 0 0 0 0 0 0 0 0 0 0 0 0 0 0 0 0 0
300 0 0 0 0 0 0 0 0 0 0 18953 12710 8196 6589 2020 0 0 0 0 723 1380 1649 1466 2508 3454 3729 4388 4404 4356 4442 4675 3911 4703 7350 5236 5077 5768 5315 7008 7122 6853 6662 7409 7388 8730 9260 12896 16325 20524 24435 27892 30100 31730 32158 31306 30526 29450 28070 27132 25700 23958 22100 20862 18798 18902 20728 0 0 0 0 0 0 0 0 0 0 0 0 0 0 0 0 0 0 0 0 0 0 0 0 0 0 0 0 0 0 0 0 0
290 0 0 0 0 0 0 0 0 7937 5714 4504 5012 0 0 0 0 0 0 0 0 0 0 0 0 1652 2917 4290 4629 4818 5488 7654 5512 4816 4499 4636 5495 4675 4290 5123 5472 5400 5669 7199 8858 13085 19438 31091 44805 60850 77578 90506 100736 106518 107007 107155 103156 100332 96063 90837 85915 79331 70434 0 0 0 0 0 0 0 0 0 0 0 0 0 0 0 0 0 0 0 0 0 0 0 0 0 0 0 0 0 0 0 0 0 0 0 0 0
280 0 0 0 0 0 0 2304 1956 1974 0 0 1781 2511 2980 2429 2271 1677 2100 2784 3896 5088 5261 6087 6754 7265 6678 7836 9391 8946 6822 6454 6388 5873 5805 5216 4779 5383 5070 5416 5455 6266 6888 10521 14033 24981 43429 74036 110518 153019 193723 232632 258390 272426 279247 277640 269841 259958 251762 0 0 0 0 0 0 0 0 0 0 0 0 0 0 0 0 0 0 0 0 0 0 0 0 0 0 0 0 0 0 0 0 0 0 0 0 0 0 0 0 0
270 0 0 0 0 298 584 353 0 0 1135 2042 2807 2301 2869 3704 3464 3592 3858 4203 4967 5191 6028 5736 6942 8859 10092 6782 7635 7251 6963 6188 4666 5365 6130 6657 7405 8616 9915 11624 12566 12971 14339 17371 21947 33121 53360 85094 121816 166682 209732 251035 276638 290131 296251 0 0 0 0 0 0 0 0 0 0 0 0 0 0 0 0 0 0 0 0 0 0 0 0 0 0 0 0 0 0 0 0 0 0 0 0 0 0 0 0 0 0 0 0 0
260 0 0 58 84 0 0 564 1019 1550 2365 2672 3414 4135 3935 4516 4661 3768 3870 4088 4849 5570 7551 9547 6797 6084 7443 7404 6722 6449 7048 6623 6474 7402 7433 9788 12076 14160 15893 18805 19964 21354 22827 24492 27202 33034 42881 58398 77121 99384 122833 0 0 0 0 0 0 0 0 0 0 0 0 0 0 0 0 0 0 0 0 0 0 0 0 0 0 0 0 0 0 0 0 0 0 0 0 0 0 0 0 0 0 0 0 0 0 0 0 0
250 10 2 10 0 120 348 590 1255 1975 2539 3518 4453 4682 5353 5684 5974 4988 5082 6429 9307 6748 5822 7394 6582 7120 6308 7333 7877 7120 6698 6437 6099 6722 6344 7618 8742 10291 10202 11631 12097 12126 13187 13869 14024 16043 19486 0 0 0 0 0 0 0 0 0 0 0 0 0 0 0 0 0 0 0 0 0 0 0 0 0 0 0 0 0 0 0 0 0 0 0 0 0 0 0 0 0 0 0 0 0 0 0 0 0 0 0 0 0
