260 265 270 275 280 285 290 295 300 305 310 315 320 325 330 335 340 345 350 355 360 365 370 375 380 385 390 395 400 405 410 415 420 425 430 435 440 445 450 455 460 465 470 475 480 485 490 495 500 505 510 515 520 525 530 535 540 545 550 555 560 565 570 575 580 585 590 595 600 605 610 615 620 625 630 635 640 645 650 655 660 665 670 675 680 685 690 695 700 705 710 715 720 725 730 735 740 745 750

520 0 0 0 0 0 0 0 0 0 0 0 0 0 0 0 0 0 0 0 0 0 0 0 0 0 0 0 0 0 0 0 0 0 0 0 0 0 0 0 0 0 0 0 0 0 0 0 0 0 0 0 0 0 0 1327 0 1010 789 947 796 581 938 801 953 1357 1512 1983 1875 3007 5026 6246 13859 39851 116954 236343 192125 93717 46368 26374 21318 22445 22976 22283 25932 31827 35245 38437 43397 46767 33929 18501 10195 5827 3506 2479 1910 1596 1294 1067

510 0 0 0 0 0 0 0 0 0 0 0 0 0 0 0 0 0 0 0 0 0 0 0 0 0 0 0 0 0 0 0 0 0 0 0 0 0 0 0 0 0 0 0 0 0 0 0 0 0 0 0 0 1079 0 1238 917 756 673 759 680 1125 594 1271 1719 2563 3054 3187 2979 5631 8584 12613 30270 87279 263049 518876 416513 199865 97821 53872 44408 49629 49508 48151 57633 71491 80036 82524 95971 102730 74378 38900 21298 11836 7584 5334 4480 3508 2845 2308

500 0 0 0 0 0 0 0 0 0 0 0 0 0 0 0 0 0 0 0 0 0 0 0 0 0 0 0 0 0 0 0 0 0 0 0 0 0 0 0 0 0 0 0 0 0 0 0 0 0 0 1809 0 1639 859 1256 749 1103 1074 1213 1199 929 787 1418 1694 1841 2414 3057 2938 4674 7518 10567 26398 79303 234048 459583 368219 176387 86051 48036 39536 43809 43911 42871 51052 62724 69535 74012 85874 90512 63735 34331 18437 10512 6415 4668 4075 3198 2571 2030

490 0 0 0 0 0 0 0 0 0 0 0 0 0 0 0 0 0 0 0 0 0 0 0 0 0 0 0 0 0 0 0 0 0 0 0 0 0 0 0 0 0 0 0 0 0 0 0 0 2363 1898 3021 3071 2688 2670 2260 2058 1659 1836 1828 1788 1570 1062 689 1960 1771 1805 1942 2185 2489 4507 5806 14244 43002 126055 249439 198754 95048 47523 27319 22393 24531 23320 23664 27917 33885 36793 40091 45701 49618 34919 18978 9785 5867 3262 2711 2142 1572 1330 1073

480 0 0 0 0 0 0 0 0 0 0 0 0 0 0 0 0 0 0 0 0 0 0 0 0 0 0 0 0 0 0 0 0 0 0 0 0 0 0 0 0 0 0 0 0 0 0 1876 2482 3137 3239 3162 3090 2483 2692 2649 2285 2083 1925 1240 410 2030 1768 1160 1378 1372 1422 1412 1420 1965 2925 4539 10186 29894 86013 169790 134994 64363 32723 18794 15632 17042 16685 16233 19338 24124 25289 27395 31372 33249 23512 12470 6571 4037 2445 1738 1374 1091 857 795

470 0 0 0 0 0 0 0 0 0 0 0 0 0 0 0 0 0 0 0 0 0 0 0 0 0 0 0 0 0 0 0 0 0 0 0 0 0 0 0 0 0 0 0 0 966 2336 2457 3237 3777 4406 4142 3488 3726 2629 2608 2149 1202 1989 3039 1515 1614 1210 1348 1378 1614 1537 1522 1815 2220 3363 4278 9794 29162 84545 167616 132946 64028 33041 19297 15981 16554 16135 16050 19088 23356 25437 27064 30807 33477 22965 13220 7095 3789 2535 1868 1520 1125 1067 827

460 0 0 0 0 0 0 0 0 0 0 0 0 0 0 0 0 0 0 0 0 0 0 0 0 0 0 0 0 0 0 0 0 0 0 0 0 0 0 0 0 0 0 0 1646 1265 2396 1486 3047 2989 3165 2715 4111 2734 1422 584 3010 2020 1783 1234 1574 1150 1381 803 939 861 1274 1414 1226 1688 2648 3813 9117 26066 77322 153940 122078 59493 29364 18021 14222 16043 15319 14723 17546 21131 23513 24745 28198 30168 21889 12162 6397 3640 2425 1668 1218 1224 941 643

450 0 0 0 0 0 0 0 0 0 0 0 0 0 0 0 0 0 0 0 0 0 0 0 0 0 0 0 0 0 0 0 0 0 0 0 0 0 0 0 0 0 2214 913 935 2188 1929 2085 2178 3006 3371 3399 889 4043 2363 2049 1442 1645 1386 1422 1228 1209 886 1156 1251 1141 1702 1819 1755 2663 4115 5905 14112 41292 124413 248646 196948 95209 49212 29131 23412 25445 25511 25200 29405 35139 38165 40614 46787 49789 35149 19736 10837 6511 3873 2799 2270 1892 1478 1228

440 0 0 0 0 0 0 0 0 0 0 0 0 0 0 0 0 0 0 0 0 0 0 0 0 0 0 0 0 0 0 0 0 0 0 0 0 0 0 0 1854 321 267 77 688 581 0 1470 1208 0 1493 2841 1406 1195 1454 1449 1743 956 654 1146 1291 808 827 940 1799 2414 3093 3675 3825 5984 9273 13016 31736 92619 275909 549149 440584 215752 109323 63546 50881 56275 57668 58477 66523 79045 85624 91177 104686 111700 80650 44706 25443 14732 9409 6806 5476 4590 3620 3087

430 0 0 0 0 0 0 0 0 0 0 0 0 0 0 0 0 0 0 0 0 0 0 0 0 0 0 0 0 0 0 0 0 0 0 0 0 0 2799 2152 1838 4914 4079 3456 4653 4828 3319 1868 7210 4961 4676 4030 4454 4233 2946 2677 3100 2865 2709 1873 2089 1533 1799 2673 4532 6454 8839 9793 10754 15984 24473 36920 87620 252451 747451 1467553 1177893 580475 292828 166517 138381 153510 158073 160917 185628 218098 234252 248312 287182 306298 220446 123418 67305 39620 25454 17891 15037 11602 9825 8343

420 0 0 0 0 0 0 0 0 0 0 0 0 0 0 0 0 0 0 0 0 0 0 0 0 0 0 0 0 0 0 0 0 0 0 0 1614 787 727 2545 2074 4108 3729 4060 0 3881 4718 4320 3451 4011 3839 3993 3617 3431 3303 3447 2613 2461 2375 2152 1568 2347 2551 4665 9647 15291 21454 24406 27011 41071 63041 92364 221806 641212 1857312 3537386 2877569 1426619 716373 406135 335084 385534 398104 406014 464043 544610 581016 615980 712950 758976 549114 303170 165058 96537 59867 44395 36341 29706 24036 20587

410 0 0 0 0 0 0 0 0 0 0 0 0 0 0 0 0 0 0 0 0 0 0 0 0 0 0 0 0 0 0 0 0 0 0 0 453 406 797 0 0 0 0 0 0 0 0 0 0 0 0 0 0 0 0 0 0 0 0 226 372 571 1619 5678 13125 21561 29914 35094 37270 60047 92360 136223 329868 945503 2677513 4897324 4037705 2057312 1033693 590518 493318 566806 584678 590853 668600 787004 850196 894156 1039172 1099210 785324 432280 234296 136308 85816 62363 51492 43005 35695 30353

400 0 0 0 0 0 0 0 0 0 0 0 0 0 0 0 0 0 0 0 0 0 0 0 0 0 0 0 0 0 0 0 0 0 1220 1249 1210 804 0 0 326 0 0 0 0 0 0 0 0 0 0 0 0 0 0 0 0 0 0 0 0 0 1007 4650 11099 18347 26603 30057 33379 51009 80507 118902 291280 830601 2347481 4357533 3567913 1807827 926006 537259 443370 505329 521702 531337 598976 696144 746248 783380 904296 953302 684298 377420 203480 118536 76364 54563 45624 37441 31614 26109

390 0 0 0 0 0 0 0 0 0 0 0 0 0 0 0 0 0 0 0 0 0 0 0 0 0 0 0 0 0 259 95 2255 1909 2543 2961 0 240 3462 1238 1268 0 0 0 0 0 0 0 0 0 0 0 0 0 0 0 0 0 0 336 9 394 1141 3709 8356 13591 19732 22518 24738 37988 58651 88708 215421 614011 1758029 3328061 2688319 1338445 684703 396942 327856 368150 384351 395006 447292 516350 553468 581502 672450 708446 506634 277604 150654 87479 55720 41402 33486 28906 23142 19669

380 0 0 0 0 0 0 0 0 0 0 0 0 0 0 0 0 0 0 0 0 0 0 0 0 0 0 0 925 38 3168 3213 3190 1964 0 8522 5746 5265 5155 4267 4365 3863 3138 3310 2146 1985 1135 1407 436 453 733 428 381 534 897 178 451 681 502 1048 827 682 1226 2975 6394 10168 13936 15671 17874 27468 41683 64283 156682 449601 1296978 2477511 1987799 976005 491280 280333 232249 263382 270349 276954 318106 376234 400406 423486 489480 515510 368594 200558 107562 62915 39622 28720 24245 19589 16320 0.00E+00

370 0 0 0 0 0 0 0 0 0 0 0 0 0 0 0 0 0 0 0 0 0 0 0 0 0 0 0 0 0 0 0 0 0 0 0 698 1621 2460 3074 1450 2140 1714 797 1285 1292 770 345 115 0 0 0 390 438 144 316 314 641 0 522 310 209 1017 1826 3934 6194 8170 9601 10088 17156 26733 40174 98138 286630 828794 1606415 1287214 624523 313138 178121 146990 165954 169997 174477 198894 238054 254254 268300 312332 328306 234316 127390 68914 40459 25141 11468 0 0 0 0

360 0 0 0 0 0 0 0 0 0 0 0 0 0 0 0 0 0 0 0 0 0 0 0 0 0 0 0 0 0 0 0 0 0 0 0 0 553 841 119 1916 973 1997 2010 1128 1117 728 1592 1024 1050 930 297 710 1041 455 282 286 410 408 506 584 460 672 1626 2840 4377 6000 6511 6942 11534 17314 26279 63606 186648 541404 1057803 842029 407389 204853 114076 96172 107811 107499 110784 127900 153084 165258 174286 204130 214746 153793 0 0 0 0 0 0 0 0 0

350 0 0 0 0 0 0 0 0 0 0 0 0 0 0 0 0 0 0 0 0 5716 0 527 0 0 0 0 0 0 0 0 0 0 0 0 0 0 1417 2198 2022 2565 2054 2688 2295 1935 1740 1401 939 1688 664 972 1136 1205 623 866 454 386 828 564 590 661 430 997 2050 2978 3883 4406 5404 7627 11516 17404 40625 121485 357041 699063 555345 267471 135309 76693 62650 69708 71865 72953 84099 101391 108601 0 0 0 0 0 0 0 0 0 0 0 0 0

340 0 0 0 0 0 0 0 0 0 0 0 0 0 0 0 0 0 0 6808 2507 3552 3112 0 0 5287 0 0 0 0 0 0 0 0 0 228 1661 2356 1436 3343 2938 2787 2141 2428 2608 2275 1954 2020 2081 1418 756 853 941 878 822 525 599 625 567 300 316 568 756 664 1577 1930 2885 3163 3589 5384 8294 12313 29319 83947 247181 490429 384479 185616 92963 53101 43920 48930 50150 0 0 0 0 0 0 0 0 0 0 0 0 0 0 0 0 0

330 0 0 0 0 0 0 0 0 0 0 0 0 0 0 0 0 8026 5057 5010 4393 0 6000 8706 4761 2708 1819 2170 1004 2097 2106 1742 2257 2963 3136 4103 4479 5311 4975 3603 3350 4578 3334 3225 2640 2477 1824 2039 1438 1406 926 1398 941 1077 1169 700 795 739 759 468 594 479 616 550 1147 1654 2106 2132 2125 3436 5620 8298 20247 59758 176964 344416 275671 132366 65799 0 0 0 0 0 0 0 0 0 0 0 0 0 0 0 0 0 0 0 0 0

320 0 0 0 0 0 0 0 0 0 0 0 0 0 0 5803 4482 4241 3709 0 21098 5887 7016 6966 6605 7045 6262 6443 5555 6065 4696 3614 4906 4470 4937 4748 5444 5128 4278 3150 3510 3122 2771 2146 2040 1624 2094 1397 1650 1470 1176 1274 1097 462 727 477 616 276 677 718 543 380 338 472 621 901 1502 1219 1034 2487 3917 6038 13767 40554 0 0 0 0 0 0 0 0 0 0 0 0 0 0 0 0 0 0 0 0 0 0 0 0 0 0

310 0 0 0 0 0 0 0 0 0 0 0 0 4999 5223 5910 0 5000 15993 8680 9869 10868 9282 7770 9379 9081 7169 7384 7919 7089 5842 4255 5249 5137 5891 5125 5087 4714 4118 3446 3089 2683 3095 2118 2314 1856 1950 1593 1545 1301 1082 780 946 713 823 560 785 728 373 780 614 686 479 646 714 869 948 878 1218 1054 2322 0 0 0 0 0 0 0 0 0 0 0 0 0 0 0 0 0 0 0 0 0 0 0 0 0 0 0 0 0

300 0 0 0 0 0 0 0 0 0 0 7475 7272 6382 0 21000 12000 10000 12600 11655 13103 11700 12712 11122 10428 9196 8742 8712 7277 5734 5478 4575 5068 5042 5105 4913 4772 3623 3369 3349 2371 2298 2201 2104 1230 1409 1362 1255 1136 896 1212 1011 980 747 920 904 636 443 624 398 408 439 566 574 582 629 661 0 0 0 0 0 0 0 0 0 0 0 0 0 0 0 0 0 0 0 0 0 0 0 0 0 0 0 0 0 0 0 0 0

290 0 0 0 0 0 0 0 0 6254 11000 14000 15000 25000 19000 20000 17000 14000 15000 12811 13690 11368 9381 8663 7429 7501 6326 5519 4597 3448 4172 3686 3706 4388 3868 3580 3586 4048 2689 2816 2408 1756 2055 2055 1508 1207 1497 1158 1242 1138 863 1152 1062 939 886 741 522 636 332 430 550 518 500 0 0 0 0 0 0 0 0 0 0 0 0 0 0 0 0 0 0 0 0 0 0 0 0 0 0 0 0 0 0 0 0 0 0 0 0 0

280 0 0 0 0 0 0 0 0 4000 20000 28000 35000 32000 30000 22000 16000 11000 12129 9122 8683 5939 6348 3913 5274 4983 3000 2559 2638 2232 1966 2668 2133 1655 2314 1977 2075 2180 2093 1469 1435 1506 1391 1193 1365 1014 1044 1158 1150 960 645 1077 837 622 547 601 609 486 394 0 0 0 0 0 0 0 0 0 0 0 0 0 0 0 0 0 0 0 0 0 0 0 0 0 0 0 0 0 0 0 0 0 0 0 0 0 0 0 0 0

270 0 0 0 0 0 0 0 2526 6000 11000 17000 19000 17000 15198 13871 9943 8573 7846 6621 8037 5866 4737 5318 3750 3377 2344 2156 1516 1335 1302 1262 1241 1069 1113 1050 1071 960 1156 778 467 629 709 745 785 640 741 607 635 682 474 312 551 316 216 0 0 0 0 0 0 0 0 0 0 0 0 0 0 0 0 0 0 0 0 0 0 0 0 0 0 0 0 0 0 0 0 0 0 0 0 0 0 0 0 0 0 0 0 0

260 0 0 0 0 0 52 0 485 1091 1462 2697 2639 2222 1638 1636 1069 1047 898 1418 1613 1143 1038 975 829 735 337 343 234 426 14 386 224 108 0 218 194 224 176 232 164 142 100 204 166 66 128 64 70 146 168 0 0 0 0 0 0 0 0 0 0 0 0 0 0 0 0 0 0 0 0 0 0 0 0 0 0 0 0 0 0 0 0 0 0 0 0 0 0 0 0 0 0 0 0 0 0 0 0 0

250 4 0 2 6 14 0 0 0 0 88 78 0 86 74 98 6 0 24 112 68 0 0 0 4 26 0 48 0 6 46 26 0 96 152 58 116 218 88 160 128 72 0 0 52 56 68 0 0 0 0 0 0 0 0 0 0 0 0 0 0 0 0 0 0 0 0 0 0 0 0 0 0 0 0 0 0 0 0 0 0 0 0 0 0 0 0 0 0 0 0 0 0 0 0 0 0 0 0 0
