260 265 270 275 280 285 290 295 300 305 310 315 320 325 330 335 340 345 350 355 360 365 370 375 380 385 390 395 400 405 410 415 420 425 430 435 440 445 450 455 460 465 470 475 480 485 490 495 500 505 510 515 520 525 530 535 540 545 550 555 560 565 570 575 580 585 590 595 600 605 610 615 620 625 630 635 640 645 650 655 660 665 670 675 680 685 690 695 700 705 710 715 720 725 730 735 740 745 750
520 0 0 0 0 0 0 0 0 0 0 0 0 0 0 0 0 0 0 0 0 0 0 0 0 0 0 0 0 0 0 0 0 0 0 0 0 0 0 0 0 0 0 0 0 0 0 0 0 0 0 0 0 0 0 594 276 184 77 93 0 0 5 264 213 215 377 63 25 283 59 0 55 125 163 210 0 125 115 155 131 73 131 121 159 127 191 169 153 111 141 97 139 103 73 69 59 95 89 61
510 0 0 0 0 0 0 0 0 0 0 0 0 0 0 0 0 0 0 0 0 0 0 0 0 0 0 0 0 0 0 0 0 0 0 0 0 0 0 0 0 0 0 0 0 0 0 0 0 0 0 0 0 804 760 625 681 835 451 607 692 202 478 475 335 275 479 237 149 273 71 106 37 39 149 127 147 129 101 77 35 143 205 105 67 71 109 133 71 99 143 97 49 79 47 77 13 67 55 63
500 0 0 0 0 0 0 0 0 0 0 0 0 0 0 0 0 0 0 0 0 0 0 0 0 0 0 0 0 0 0 0 0 0 0 0 0 0 0 0 0 0 0 0 0 0 0 0 0 0 0 637 303 672 322 642 786 444 670 502 564 420 401 315 239 239 277 199 41 193 217 117 105 47 111 149 77 97 119 81 75 73 37 89 21 55 67 0 59 95 57 41 125 29 35 47 85 37 53 65
490 0 0 0 0 0 0 0 0 0 0 0 0 0 0 0 0 0 0 0 0 0 0 0 0 0 0 0 0 0 0 0 0 0 0 0 0 0 0 0 0 0 0 0 0 0 0 0 0 181 239 187 107 211 365 215 438 528 536 584 445 345 399 201 201 277 201 203 162 169 187 79 151 47 133 57 69 69 105 57 65 77 49 39 35 35 91 115 41 77 55 21 29 15 55 33 31 3 13 37
480 0 0 0 0 0 0 0 0 0 0 0 0 0 0 0 0 0 0 0 0 0 0 0 0 0 0 0 0 0 0 0 0 0 0 0 0 0 0 0 0 0 0 0 0 0 0 0 0 287 0 39 221 115 149 371 350 239 291 241 235 252 151 123 252 63 63 273 151 0 133 85 141 111 143 0 53 0 11 45 0 79 55 0 79 61 85 7 57 15 33 11 7 63 41 35 15 1 57 41
470 0 0 0 0 0 0 0 0 0 0 0 0 0 0 0 0 0 0 0 0 0 0 0 0 0 0 0 0 0 0 0 0 0 0 0 0 0 0 0 0 0 0 0 0 0 0 0 0 0 97 0 0 0 302 228 298 162 127 423 105 9 191 87 263 21 149 0 91 0 0 21 87 0 19 93 63 55 0 103 45 45 81 51 35 85 15 37 37 0 0 51 55 23 41 51 55 43 71 75
460 0 0 0 0 0 0 0 0 0 0 0 0 0 0 0 0 0 0 0 0 0 0 0 0 0 0 0 0 0 0 0 0 0 0 0 0 0 0 0 0 0 0 0 0 0 0 0 0 127 0 0 45 109 127 0 309 0 191 187 248 167 33 49 163 73 27 13 191 75 0 53 0 107 65 59 105 43 47 7 73 49 45 39 61 119 47 51 95 55 69 41 51 41 89 49 41 105 39 5
450 0 0 0 0 0 0 0 0 0 0 0 0 0 0 0 0 0 0 0 0 0 0 0 0 0 0 0 0 0 0 0 0 0 0 0 0 0 0 0 0 0 0 0 0 0 39 0 0 0 0 0 0 0 0 0 0 19 0 179 141 0 0 107 0 63 3 0 41 27 19 0 0 0 9 21 55 99 19 73 71 0 25 109 75 59 51 19 85 45 67 69 51 47 47 77 41 75 83 49
440 0 0 0 0 0 0 0 0 0 0 0 0 0 0 0 0 0 0 0 0 0 0 0 0 0 0 0 0 0 0 0 0 0 0 0 0 0 0 306 0 0 153 95 69 5 0 0 0 0 41 0 0 0 83 77 109 5 0 0 0 0 47 105 9 65 0 61 0 0 41 41 73 0 59 0 21 49 0 67 89 85 37 129 65 47 101 49 31 57 41 59 73 69 33 57 91 61 39 73
430 0 0 0 0 0 0 0 0 0 0 0 0 0 0 0 0 0 0 0 0 0 0 0 0 0 0 0 0 0 0 0 0 0 0 0 0 0 0 0 0 0 0 0 0 0 0 0 0 0 0 0 0 0 0 41 71 0 0 0 0 25 0 0 0 0 0 7 0 0 47 3 0 0 0 0 55 15 0 13 65 27 61 63 109 89 81 49 67 43 39 55 21 79 61 25 57 55 63 57
420 0 0 0 0 0 0 0 0 0 0 0 0 0 0 0 0 0 0 0 0 0 0 0 0 0 0 0 0 0 0 0 0 0 0 0 0 0 0 0 77 0 0 0 0 0 0 0 0 0 0 0 0 0 0 0 0 0 0 67 0 0 0 0 0 0 39 0 99 215 139 59 109 123 55 139 27 61 19 117 59 131 187 121 93 67 67 77 81 71 91 63 29 43 37 13 61 61 51 69
410 0 0 0 0 0 0 0 0 0 0 0 0 0 0 0 0 0 0 0 0 0 0 0 0 0 0 0 0 0 0 0 0 0 0 0 0 0 0 0 0 0 0 0 0 0 0 0 0 0 0 0 37 0 0 17 0 61 0 0 109 0 0 0 0 65 75 91 219 619 447 447 277 333 203 249 219 163 249 307 407 299 255 341 123 169 105 85 83 125 61 47 63 67 73 17 41 35 13 57
400 0 0 0 0 0 0 0 0 0 0 0 0 0 0 0 0 0 0 0 0 0 0 0 0 0 0 0 0 0 0 0 0 0 0 0 0 0 0 0 0 0 0 0 0 0 0 0 0 0 17 0 0 0 0 0 0 0 0 0 0 0 0 1 0 39 0 135 311 299 489 261 291 211 135 121 169 243 153 173 261 357 245 281 165 87 55 51 103 133 41 45 19 125 35 59 29 7 29 39
390 0 0 0 0 0 0 0 0 0 0 0 0 0 0 0 0 0 0 0 0 0 0 0 0 0 0 0 0 0 0 0 0 0 0 0 0 0 0 0 0 0 0 0 0 0 0 0 0 0 0 0 0 0 0 0 25 0 0 21 5 0 0 0 79 125 81 0 0 217 199 121 103 99 79 85 11 65 119 67 23 115 169 135 125 99 103 95 67 103 29 1 43 29 41 63 37 93 73 97
380 0 0 0 0 0 0 0 0 0 0 0 0 0 0 0 0 0 0 0 0 0 0 0 0 0 0 0 0 59 0 0 0 0 0 0 0 0 0 0 0 0 0 0 0 0 0 0 0 0 0 0 0 0 0 95 0 0 27 0 0 0 33 47 53 0 0 65 105 143 129 93 77 117 49 51 43 99 47 91 91 73 89 55 77 35 0 87 73 59 93 81 83 27 47 21 63 0 0 0.00E+00
370 0 0 0 0 0 0 0 0 0 0 0 0 0 0 0 0 0 0 0 0 0 0 0 0 0 0 0 0 0 0 0 0 0 0 0 0 0 0 0 0 0 0 0 0 0 0 0 0 59 0 0 0 0 0 0 53 0 0 39 0 63 0 7 127 0 95 0 101 49 123 149 9 33 75 77 71 119 35 0 65 47 45 115 131 3 11 45 23 57 43 25 45 41 0 0 0 0 0 0
360 0 0 0 0 0 0 0 0 0 0 0 0 0 0 0 0 0 0 0 0 0 0 0 0 0 0 0 0 0 0 0 0 0 0 0 0 0 0 0 0 51 0 0 0 0 0 129 0 31 0 0 0 67 3 0 0 0 55 5 23 5 0 0 73 59 0 5 0 0 121 61 0 0 33 5 21 11 67 0 0 9 91 25 0 15 45 1 0 0 0 0 0 0 0 0 0 0 0 0
350 0 0 0 0 0 0 0 0 0 0 0 0 0 0 0 0 0 0 0 0 0 0 0 0 0 0 0 0 0 0 0 0 0 0 0 0 0 0 0 0 0 0 0 0 0 0 0 0 0 107 360 0 157 0 55 55 0 79 0 0 79 91 39 43 0 0 195 0 57 0 87 27 183 121 0 0 141 43 39 0 0 1 81 59 0 0 0 0 0 0 0 0 0 0 0 0 0 0 0
340 0 0 0 0 0 0 0 0 0 0 0 0 0 0 0 0 0 0 0 0 0 0 0 0 0 0 0 0 0 0 0 0 0 0 0 0 0 0 0 0 0 0 0 0 0 0 0 0 0 0 0 146 0 0 117 5 3 0 49 0 0 181 11 55 45 67 87 15 57 51 81 0 0 0 33 55 0 51 9 135 7 0 0 0 0 0 0 0 0 0 0 0 0 0 0 0 0 0 0
330 0 0 0 0 0 0 0 0 0 0 0 0 0 0 0 0 0 0 0 0 0 0 0 0 0 0 0 0 0 0 0 0 0 0 0 0 0 0 0 0 0 0 0 0 0 0 0 0 0 0 0 0 0 0 95 0 0 75 117 0 27 29 99 45 57 0 7 29 17 0 105 21 11 0 3 65 37 0 0 0 0 0 0 0 0 0 0 0 0 0 0 0 0 0 0 0 0 0 0
320 0 0 0 0 0 0 0 0 0 0 0 0 0 0 0 0 0 0 0 0 0 0 0 0 0 0 0 0 0 0 0 0 0 0 0 0 0 0 0 0 0 0 0 0 0 0 0 0 0 0 0 0 0 0 0 0 174 0 0 19 0 71 47 57 85 0 3 101 55 99 0 17 0 0 0 0 0 0 0 0 0 0 0 0 0 0 0 0 0 0 0 0 0 0 0 0 0 0 0
310 0 0 0 0 0 0 0 0 0 0 0 0 0 0 0 0 0 0 0 306 380 0 0 0 0 0 0 0 0 0 0 0 0 0 0 0 0 0 0 0 0 0 0 0 0 0 0 0 0 0 0 0 0 0 0 19 0 0 0 0 0 7 0 0 133 0 33 33 0 0 0 0 0 0 0 0 0 0 0 0 0 0 0 0 0 0 0 0 0 0 0 0 0 0 0 0 0 0 0
300 0 0 0 0 0 0 0 0 0 0 1515 3185 5823 6704 4067 5730 12850 13662 14224 14562 13398 12283 10460 7991 6090 4218 3167 2557 880 874 288 0 0 0 0 0 0 0 0 0 0 0 0 0 0 0 0 31 0 0 63 31 0 67 0 106 129 221 359 185 137 327 179 121 331 0 0 0 0 0 0 0 0 0 0 0 0 0 0 0 0 0 0 0 0 0 0 0 0 0 0 0 0 0 0 0 0 0 0
290 0 0 0 0 0 0 0 0 1497 5475 13782 27026 38061 61599 80290 94184 103154 107316 109210 110973 105264 92827 80174 67687 55466 44776 37322 30751 25380 20839 16173 13122 11016 7063 6199 4628 3755 3042 2295 1672 1240 1262 1023 1021 756 517 534 581 852 764 1022 879 934 1294 1204 1220 1302 1294 1046 1348 1022 0 0 0 0 0 0 0 0 0 0 0 0 0 0 0 0 0 0 0 0 0 0 0 0 0 0 0 0 0 0 0 0 0 0 0 0 0 0
280 0 0 0 0 0 0 0 0 0 0 1810 24070 46479 67470 87697 103440 112777 116224 120475 121903 114748 101923 89208 74604 61580 51168 42531 34916 28546 23737 19198 14737 12602 10334 7841 5667 4792 3790 3031 2687 1927 1395 1012 1345 957 1068 653 980 870 954 980 919 1135 1623 1364 1312 1504 1516 0 0 0 0 0 0 0 0 0 0 0 0 0 0 0 0 0 0 0 0 0 0 0 0 0 0 0 0 0 0 0 0 0 0 0 0 0 0 0 0 0
270 0 0 0 0 0 0 0 0 0 0 0 9387 23926 38771 52956 62186 69970 71804 74612 75239 71779 63551 55123 47555 38404 32460 26649 22617 18093 15235 12342 10331 8163 6661 5141 4205 3132 2358 2093 1427 1433 1084 415 467 670 626 305 393 309 773 597 766 834 892 0 0 0 0 0 0 0 0 0 0 0 0 0 0 0 0 0 0 0 0 0 0 0 0 0 0 0 0 0 0 0 0 0 0 0 0 0 0 0 0 0 0 0 0 0
260 0 0 27 29 0 0 0 0 0 0 0 2641 8223 13881 17485 20473 20097 21223 21475 21909 21275 18545 15741 13409 11564 9745 8308 7276 6495 5024 4250 3673 2857 2281 1709 1571 1121 812 600 342 440 71 169 0 331 249 53 257 145 130 0 0 0 0 0 0 0 0 0 0 0 0 0 0 0 0 0 0 0 0 0 0 0 0 0 0 0 0 0 0 0 0 0 0 0 0 0 0 0 0 0 0 0 0 0 0 0 0 0
250 17 27 47 0 0 0 0 0 0 0 0 1101 1791 2049 1967 924 0 154 0 0 0 0 0 0 239 247 276 328 484 522 608 406 550 416 267 135 205 0 0 0 5 0 45 0 0 0 0 0 0 0 0 0 0 0 0 0 0 0 0 0 0 0 0 0 0 0 0 0 0 0 0 0 0 0 0 0 0 0 0 0 0 0 0 0 0 0 0 0 0 0 0 0 0 0 0 0 0 0 0
