260 265 270 275 280 285 290 295 300 305 310 315 320 325 330 335 340 345 350 355 360 365 370 375 380 385 390 395 400 405 410 415 420 425 430 435 440 445 450 455 460 465 470 475 480 485 490 495 500 505 510 515 520 525 530 535 540 545 550 555 560 565 570 575 580 585 590 595 600 605 610 615 620 625 630 635 640 645 650 655 660 665 670 675 680 685 690 695 700 705 710 715 720 725 730 735 740 745 750

520 0 0 0 0 0 0 0 0 0 0 0 0 0 0 0 0 0 0 0 0 0 0 0 0 0 0 0 0 0 0 0 0 0 0 0 0 0 0 0 0 0 0 0 0 0 0 0 0 0 0 0 0 0 0 761000 430000 282000 200000 153000 130000 116000 110000 105000 105000 105000 96940 87403 72768 58920 54372 51879 50230 47456 44797 42388 39435 37167 35388 34518 33025 32025 31127 28310 27713 28359 27191 25840 25654 23448 24179 21758 21070 19916 19597 20196 22555 26912 24407 23506

510 0 0 0 0 0 0 0 0 0 0 0 0 0 0 0 0 0 0 0 0 0 0 0 0 0 0 0 0 0 0 0 0 0 0 0 0 0 0 0 0 0 0 0 0 0 0 0 0 0 0 0 0 832000 469000 311000 221000 169000 145000 134000 124000 118000 120000 119000 109000 96490 81641 65791 61410 57521 54927 52096 48685 46432 43090 40926 39649 37720 36491 36371 33126 31752 32102 30574 29185 28460 28122 28039 24860 23854 22573 22495 22186 22153 22678 21376 24494 25663 25159 25210

500 0 0 0 0 0 0 0 0 0 0 0 0 0 0 0 0 0 0 0 0 0 0 0 0 0 0 0 0 0 0 0 0 0 0 0 0 0 0 0 0 0 0 0 0 0 0 0 0 0 0 893000 504000 337000 241000 185000 160000 149000 141000 136000 137000 134000 122000 109000 92642 74115 70365 65752 62116 57970 54871 51450 48421 46795 44206 41616 40869 38624 36152 35555 33637 31340 30763 32279 30013 28335 27030 25545 24446 24399 25319 25335 21205 20501 20329 23409 28845 28938 30272 25278

490 0 0 0 0 0 0 0 0 0 0 0 0 0 0 0 0 0 0 0 0 0 0 0 0 0 0 0 0 0 0 0 0 0 0 0 0 0 0 0 0 0 0 0 0 0 0 0 0 1000000 558000 371000 269000 206000 179000 167000 160000 152000 155000 151000 136000 121000 103000 85128 77800 74038 68611 64895 61248 56753 53347 51272 49091 46901 46479 42088 40143 39905 37147 36087 35853 33011 33996 30394 28561 27912 27659 30007 29065 24460 23006 21534 21346 23418 24769 31257 31508 30619 29695 24987

480 0 0 0 0 0 0 0 0 0 0 0 0 0 0 0 0 0 0 0 0 0 0 0 0 0 0 0 0 0 0 0 0 0 0 0 0 0 0 0 0 0 0 0 0 0 0 1160000 643000 421000 305000 233000 203000 190000 184000 177000 178000 172000 160000 142000 122000 102000 93419 88882 81666 76432 72723 66410 62377 58978 56032 55252 52411 48781 47854 45784 42819 40684 40460 41301 36119 33522 33092 33185 35632 34341 31146 28547 25782 24533 27463 27005 30923 27885 29055 36306 33023 31895 27078 25677

470 0 0 0 0 0 0 0 0 0 0 0 0 0 0 0 0 0 0 0 0 0 0 0 0 0 0 0 0 0 0 0 0 0 0 0 0 0 0 0 0 0 0 0 0 1430000 808000 533000 379000 282000 243000 227000 225000 225000 223000 216000 201000 183000 158000 131000 124000 116000 107000 99129 93045 85802 80841 75477 71775 70240 64338 61277 60618 55727 53732 55760 52447 48578 44991 42962 42266 44909 42699 43275 37525 33769 34169 37070 36479 39661 36446 34439 39427 31812 36107 38197 38628 34972 33706 33057

460 0 0 0 0 0 0 0 0 0 0 0 0 0 0 0 0 0 0 0 0 0 0 0 0 0 0 0 0 0 0 0 0 0 0 0 0 0 0 0 0 0 0 1490000 802000 535000 397000 298000 250000 222000 221000 220000 218000 209000 196000 180000 159000 136000 129000 120000 111000 105000 97840 91690 85180 80173 78221 72403 68171 66431 62896 61899 61946 57142 56708 51542 48601 47407 49509 48081 52558 43326 39901 39019 41166 44127 45661 41700 38870 43033 34694 35518 34619 36091 39913 46416 43019 37163 33595 32520

450 0 0 0 0 0 0 0 0 0 0 0 0 0 0 0 0 0 0 0 0 0 0 0 0 0 0 0 0 0 0 0 0 0 0 0 0 0 0 0 0 1610000 937000 650000 465000 364000 309000 277000 260000 254000 244000 239000 225000 211000 191000 166000 158000 149000 140000 130000 120000 109000 101000 96582 92758 84397 82587 79747 74455 72556 72583 73500 66468 63533 60399 61107 62441 70524 57164 53198 51573 52942 58750 58158 55305 51693 56036 47054 46206 43664 43275 43516 49814 48609 49679 50606 48223 48970 45250 40229

440 0 0 0 0 0 0 0 0 0 0 0 0 0 0 0 0 0 0 0 0 0 0 0 0 0 0 0 0 0 0 0 0 0 0 0 0 0 0 1570000 865000 602000 482000 393000 326000 298000 285000 274000 252000 235000 219000 202000 188000 166000 160000 151000 146000 137000 130000 122000 116000 111000 102000 96823 95033 89121 83268 83378 78058 70530 67529 64965 64252 70623 76554 61611 59107 55747 56470 62794 59497 57132 54493 58861 49489 48197 45154 44555 43337 47287 43088 42263 43962 47936 50808 50776 43944 40568 38441 34138

430 0 0 0 0 0 0 0 0 0 0 0 0 0 0 0 0 0 0 0 0 0 0 0 0 0 0 0 0 0 0 0 0 0 0 0 0 1580000 891000 635000 484000 398000 372000 355000 329000 321000 294000 278000 256000 227000 204000 182000 175000 167000 161000 153000 146000 139000 134000 128000 118000 114000 108000 103000 102000 97096 93450 87880 83697 82856 87121 92615 78126 71130 66174 63560 69857 66346 64507 62568 64268 55733 53443 50449 48348 46449 49532 44333 41946 41079 42377 41976 45537 45643 45578 44060 39527 35665 33593 32532

420 0 0 0 0 0 0 0 0 0 0 0 0 0 0 0 0 0 0 0 0 0 0 0 0 0 0 0 0 0 0 0 0 0 0 1690000 965000 666000 518000 441000 389000 376000 390000 393000 351000 333000 315000 285000 255000 223000 204000 194000 185000 178000 171000 165000 162000 148000 141000 137000 128000 125000 121000 118000 108000 102000 101000 106000 109000 101000 91521 86789 85904 94613 90663 87465 80983 83057 68702 66706 62625 58240 55733 57353 50482 50053 50471 54403 51188 45225 43992 44080 47393 47946 46642 44009 42119 39592 37801 37167

410 0 0 0 0 0 0 0 0 0 0 0 0 0 0 0 0 0 0 0 0 0 0 0 0 0 0 0 0 0 0 0 0 1690000 979000 684000 545000 459000 414000 410000 408000 404000 398000 393000 359000 332000 302000 272000 249000 230000 213000 197000 191000 185000 178000 168000 163000 158000 150000 148000 142000 131000 123000 118000 121000 123000 124000 106000 102000 100000 111000 108000 104000 98723 101000 87934 83732 82399 79302 80524 76914 71084 66484 65386 68957 68084 61849 57443 54720 49471 49985 52523 57918 55760 52932 49787 46897 45661 44875 43601

400 0 0 0 0 0 0 0 0 0 0 0 0 0 0 0 0 0 0 0 0 0 0 0 0 0 0 0 0 0 0 1680000 997000 718000 575000 492000 452000 444000 455000 476000 461000 452000 447000 425000 367000 334000 314000 292000 269000 245000 230000 216000 199000 193000 187000 178000 179000 172000 162000 155000 146000 147000 148000 158000 132000 126000 125000 137000 134000 130000 125000 126000 116000 112000 113000 109000 113000 105000 101000 96415 90695 81459 74924 69879 68881 66311 65413 63603 62430 61927 62886 67901 71544 69072 66971 63248 61956 60879 59825 60276

390 0 0 0 0 0 0 0 0 0 0 0 0 0 0 0 0 0 0 0 0 0 0 0 0 0 0 0 0 1860000 1050000 735000 592000 519000 481000 472000 487000 492000 490000 504000 481000 467000 442000 428000 388000 358000 335000 310000 286000 257000 236000 224000 207000 198000 191000 188000 180000 174000 173000 178000 198000 162000 155000 153000 164000 159000 156000 153000 153000 140000 137000 135000 130000 135000 114000 103000 96334 98025 94652 86130 82353 82076 76577 73678 73296 73387 74045 73612 73133 72754 77944 83366 84853 82186 79974 79670 84838 85715 89152 94336

380 0 0 0 0 0 0 0 0 0 0 0 0 0 0 0 0 0 0 0 0 0 0 0 0 0 0 1650000 983000 711000 576000 514000 490000 496000 506000 509000 515000 518000 517000 516000 480000 467000 460000 449000 401000 377000 361000 325000 298000 277000 259000 246000 231000 218000 208000 206000 208000 238000 192000 186000 180000 187000 180000 176000 171000 163000 148000 138000 127000 117000 120000 107000 103000 99757 102000 99951 93116 93496 88042 80597 76639 75813 75790 77366 76106 76848 80466 80849 80344 81857 89447 96719 103000 104000 106000 113000 125000 151000 204000 0

370 0 0 0 0 0 0 0 0 0 0 0 0 0 0 0 0 0 0 0 0 0 0 0 0 1640000 1080000 692000 565000 496000 462000 470000 483000 498000 499000 506000 509000 507000 480000 479000 454000 444000 442000 434000 382000 357000 339000 316000 293000 270000 252000 235000 225000 218000 244000 198000 186000 176000 178000 167000 159000 152000 142000 126000 122000 118000 115000 117000 106000 101000 100000 101000 100000 98096 100000 91654 85218 81991 81292 82540 81199 81333 82631 86455 87297 90194 93477 96444 103000 112000 126000 138000 151000 178000 239000 0 0 0 0 0

360 0 0 0 0 0 0 0 0 0 0 0 0 0 0 0 0 0 0 0 0 0 0 1660000 958000 681000 682000 500000 451000 458000 467000 481000 487000 494000 500000 493000 481000 472000 456000 454000 430000 428000 408000 396000 352000 328000 308000 284000 257000 233000 225000 244000 208000 180000 169000 174000 167000 163000 159000 151000 137000 132000 129000 126000 124000 115000 110000 111000 109000 105000 107000 103000 96417 96003 94349 91810 92874 89314 91627 93862 95410 97411 117000 152000 125000 123000 128000 137000 153000 186000 261000 0 0 0 0 0 0 0 0 0

350 0 0 0 0 0 0 0 0 0 0 0 0 0 0 0 0 0 0 0 0 1590000 942000 676000 547000 476000 526000 506000 444000 456000 461000 464000 467000 460000 450000 444000 436000 428000 422000 408000 386000 380000 378000 365000 324000 299000 278000 267000 272000 248000 204000 189000 188000 179000 164000 160000 154000 142000 139000 138000 137000 133000 124000 119000 120000 118000 113000 114000 106000 99961 99698 98227 101000 99471 95064 93629 92864 94578 96715 98504 102000 115000 123000 135000 152000 181000 250000 0 0 0 0 0 0 0 0 0 0 0 0 0

340 0 0 0 0 0 0 0 0 0 0 0 0 0 0 0 0 0 0 1410000 841000 608000 496000 436000 401000 399000 407000 473000 408000 407000 410000 402000 405000 402000 396000 391000 389000 370000 362000 364000 346000 342000 345000 325000 291000 293000 315000 238000 215000 205000 195000 184000 177000 163000 145000 138000 136000 139000 135000 129000 126000 128000 125000 123000 120000 112000 108000 105000 104000 108000 101000 102000 104000 101000 99171 99596 103000 111000 121000 133000 147000 175000 241000 0 0 0 0 0 0 0 0 0 0 0 0 0 0 0 0 0

330 0 0 0 0 0 0 0 0 0 0 0 0 0 0 0 0 1240000 726000 523000 436000 387000 366000 365000 351000 352000 354000 353000 354000 347000 346000 345000 348000 357000 342000 336000 331000 322000 312000 320000 301000 303000 318000 393000 257000 238000 231000 222000 203000 193000 175000 161000 154000 145000 147000 130000 124000 126000 132000 131000 133000 124000 118000 116000 113000 118000 113000 109000 109000 110000 110000 109000 109000 114000 120000 130000 142000 169000 232000 0 0 0 0 0 0 0 0 0 0 0 0 0 0 0 0 0 0 0 0 0

320 0 0 0 0 0 0 0 0 0 0 0 0 0 0 1030000 620000 454000 380000 345000 336000 337000 334000 332000 327000 318000 306000 311000 305000 304000 303000 304000 294000 298000 288000 285000 282000 278000 267000 287000 356000 274000 270000 266000 240000 220000 220000 198000 178000 165000 157000 158000 146000 137000 135000 133000 120000 127000 121000 121000 119000 120000 127000 115000 114000 115000 113000 113000 114000 118000 125000 132000 134000 155000 208000 0 0 0 0 0 0 0 0 0 0 0 0 0 0 0 0 0 0 0 0 0 0 0 0 0

310 0 0 0 0 0 0 0 0 0 0 0 0 829000 599000 533000 517000 512000 515000 525000 536000 523000 497000 456000 415000 383000 351000 338000 333000 311000 299000 293000 285000 282000 269000 256000 261000 336000 250000 251000 243000 258000 252000 259000 211000 196000 188000 177000 173000 154000 144000 143000 138000 139000 129000 117000 107000 107000 118000 115000 114000 114000 115000 113000 113000 112000 119000 131000 130000 137000 173000 0 0 0 0 0 0 0 0 0 0 0 0 0 0 0 0 0 0 0 0 0 0 0 0 0 0 0 0 0

300 0 0 0 0 0 0 0 0 0 0 623000 693000 867000 1060000 1220000 1320000 1360000 1360000 1370000 1350000 1250000 1110000 957000 820000 701000 608000 535000 488000 439000 393000 367000 335000 321000 369000 291000 265000 256000 255000 251000 252000 242000 236000 232000 196000 188000 174000 165000 156000 142000 148000 130000 122000 117000 114000 117000 99734 95508 97400 101000 104000 105000 107000 120000 112000 116000 136000 0 0 0 0 0 0 0 0 0 0 0 0 0 0 0 0 0 0 0 0 0 0 0 0 0 0 0 0 0 0 0 0 0

290 0 0 0 0 0 0 0 0 273000 420000 674000 987000 1290000 1550000 1730000 1820000 1830000 1790000 1760000 1710000 1550000 1350000 1160000 962000 806000 692000 599000 535000 476000 426000 431000 385000 327000 299000 289000 262000 266000 240000 245000 235000 231000 233000 223000 186000 179000 174000 170000 147000 132000 124000 132000 115000 109000 102000 97648 94191 85943 86380 99926 99382 99146 105000 0 0 0 0 0 0 0 0 0 0 0 0 0 0 0 0 0 0 0 0 0 0 0 0 0 0 0 0 0 0 0 0 0 0 0 0 0

280 0 0 0 0 0 0 46102 95982 208000 381000 584000 785000 953000 1090000 1170000 1210000 1200000 1160000 1140000 1110000 1010000 891000 769000 649000 554000 482000 431000 413000 423000 329000 303000 295000 270000 270000 242000 233000 230000 217000 234000 221000 218000 219000 231000 184000 167000 156000 155000 152000 125000 119000 111000 106000 104000 97356 98292 97767 83014 79579 0 0 0 0 0 0 0 0 0 0 0 0 0 0 0 0 0 0 0 0 0 0 0 0 0 0 0 0 0 0 0 0 0 0 0 0 0 0 0 0 0

270 0 0 0 0 3577 8329 22333 60692 140000 259000 399000 536000 653000 741000 799000 826000 822000 806000 787000 774000 713000 636000 557000 480000 433000 451000 343000 316000 309000 274000 276000 251000 242000 233000 222000 219000 212000 208000 230000 236000 215000 209000 206000 196000 168000 156000 147000 136000 125000 117000 114000 124000 103000 101000 0 0 0 0 0 0 0 0 0 0 0 0 0 0 0 0 0 0 0 0 0 0 0 0 0 0 0 0 0 0 0 0 0 0 0 0 0 0 0 0 0 0 0 0 0

260 0 0 812 1140 1899 5362 15761 38037 80082 145000 221000 296000 360000 410000 451000 466000 474000 471000 469000 476000 445000 417000 469000 339000 301000 291000 263000 274000 249000 236000 230000 223000 220000 209000 206000 214000 217000 200000 219000 215000 219000 204000 202000 167000 161000 153000 148000 162000 123000 118000 0 0 0 0 0 0 0 0 0 0 0 0 0 0 0 0 0 0 0 0 0 0 0 0 0 0 0 0 0 0 0 0 0 0 0 0 0 0 0 0 0 0 0 0 0 0 0 0 0

250 456 444 456 650 1637 4308 10363 22896 44168 75386 109000 145000 179000 203000 226000 244000 253000 261000 273000 352000 285000 267000 272000 246000 253000 229000 227000 230000 229000 219000 214000 213000 233000 208000 197000 198000 221000 200000 219000 200000 192000 201000 198000 193000 166000 155000 0 0 0 0 0 0 0 0 0 0 0 0 0 0 0 0 0 0 0 0 0 0 0 0 0 0 0 0 0 0 0 0 0 0 0 0 0 0 0 0 0 0 0 0 0 0 0 0 0 0 0 0 0
