260 265 270 275 280 285 290 295 300 305 310 315 320 325 330 335 340 345 350 355 360 365 370 375 380 385 390 395 400 405 410 415 420 425 430 435 440 445 450 455 460 465 470 475 480 485 490 495 500 505 510 515 520 525 530 535 540 545 550 555 560 565 570 575 580 585 590 595 600 605 610 615 620 625 630 635 640 645 650 655 660 665 670 675 680 685 690 695 700 705 710 715 720 725 730 735 740 745 750

520 0 0 0 0 0 0 0 0 0 0 0 0 0 0 0 0 0 0 0 0 0 0 0 0 0 0 0 0 0 0 0 0 0 0 0 0 0 0 0 0 0 0 0 0 0 0 0 0 0 0 0 0 0 0 3459 2304 1304 1280 956 1009 1436 2515 5501 11867 24596 50599 87701 128098 159150 166164 151228 126346 102010 79985 62376 47753 38647 33198 29571 27568 25755 22274 19201 15410 12193 9773 7495 5912 4635 3976 3170 2417 2081 1721 1615 1485 1096 1034 862

510 0 0 0 0 0 0 0 0 0 0 0 0 0 0 0 0 0 0 0 0 0 0 0 0 0 0 0 0 0 0 0 0 0 0 0 0 0 0 0 0 0 0 0 0 0 0 0 0 0 0 0 0 3561 2582 1816 1347 975 741 1028 1163 1788 2409 4399 8637 18537 36250 62785 92801 113214 119008 108533 91764 73292 58168 45021 35312 27852 23852 21811 19548 18099 16781 14057 11238 8873 7139 6155 4593 3355 2892 2486 1867 1649 1441 1208 1072 1062 772 718

500 0 0 0 0 0 0 0 0 0 0 0 0 0 0 0 0 0 0 0 0 0 0 0 0 0 0 0 0 0 0 0 0 0 0 0 0 0 0 0 0 0 0 0 0 0 0 0 0 0 0 3908 2329 1755 1312 1356 1059 1129 813 887 1265 1231 1734 3228 6707 13695 27108 46457 68259 82999 88432 80001 66798 54591 41543 32564 25817 20850 17379 15647 15013 13055 11992 10534 8249 6840 5074 4292 3483 2686 2135 1841 1621 1270 1158 922 834 734 610 622

490 0 0 0 0 0 0 0 0 0 0 0 0 0 0 0 0 0 0 0 0 0 0 0 0 0 0 0 0 0 0 0 0 0 0 0 0 0 0 0 0 0 0 0 0 0 0 0 0 4827 2582 1908 1462 1255 1225 1123 1279 1085 943 856 1153 1006 1702 2177 4558 9100 18055 30650 45755 55692 57496 51678 43713 35748 28168 22305 17609 14357 11779 10559 9805 9054 8235 6817 5679 4607 3761 2918 2335 1879 1527 1208 1090 900 900 724 670 588 466 398

480 0 0 0 0 0 0 0 0 0 0 0 0 0 0 0 0 0 0 0 0 0 0 0 0 0 0 0 0 0 0 0 0 0 0 0 0 0 0 0 0 0 0 0 0 0 0 5460 2951 2204 1800 1476 1421 1442 1491 1377 1214 1302 1217 1235 1219 891 1801 1914 3591 7091 13782 22934 33159 41857 43253 39794 32823 27255 21435 16956 13331 10414 9092 8364 7735 7428 6487 5403 4503 3663 2732 2297 1827 1557 1192 1000 852 860 700 544 526 392 544 386

470 0 0 0 0 0 0 0 0 0 0 0 0 0 0 0 0 0 0 0 0 0 0 0 0 0 0 0 0 0 0 0 0 0 0 0 0 0 0 0 0 0 0 0 0 7514 4631 3119 2499 1998 2141 1734 1952 1792 1706 1529 1634 1778 1768 1339 1392 1830 1585 2433 4316 7990 14753 24682 36128 44742 47167 42904 36157 29023 22706 18696 14391 11922 10370 9707 9012 8669 7705 6437 5096 4014 3158 2586 2145 1899 1517 1240 970 756 746 590 630 594 476 418

460 0 0 0 0 0 0 0 0 0 0 0 0 0 0 0 0 0 0 0 0 0 0 0 0 0 0 0 0 0 0 0 0 0 0 0 0 0 0 0 0 0 0 9643 5050 3737 2988 2333 2275 2104 2156 2036 1836 1874 1864 1942 1801 1565 1505 1531 1289 1401 1673 2272 3636 6416 12223 20305 30244 37681 40177 35873 30388 24942 19114 15833 12420 10036 9076 8560 8374 7990 6967 5858 4733 3946 2838 2464 1891 1647 1395 1086 1044 828 600 590 548 550 406 414

450 0 0 0 0 0 0 0 0 0 0 0 0 0 0 0 0 0 0 0 0 0 0 0 0 0 0 0 0 0 0 0 0 0 0 0 0 0 0 0 0 10267 5868 4579 3203 3154 2769 2778 2737 2559 2121 2215 2312 2253 2412 2131 1841 1748 1562 1399 1447 1625 1655 2342 3714 6356 12504 21214 31940 40698 43187 39138 32713 25955 21236 16824 13838 11891 10533 9771 9950 10185 8842 7731 6030 4272 3325 2794 2063 1835 1537 1369 1170 806 840 776 630 588 482 542

440 0 0 0 0 0 0 0 0 0 0 0 0 0 0 0 0 0 0 0 0 0 0 0 0 0 0 0 0 0 0 0 0 0 0 0 0 0 0 9857 5480 3842 3422 3317 2947 2692 2331 2627 2143 2269 2033 2156 2245 1626 1556 1608 1534 1337 1389 1279 1363 1751 1665 2336 3616 6900 12482 21082 33992 44927 47877 42529 36002 28835 23930 20047 16427 13778 13323 13224 13711 14069 13106 10181 7838 5355 4399 3251 2850 2161 1791 1553 1316 1134 930 924 740 630 560 514

430 0 0 0 0 0 0 0 0 0 0 0 0 0 0 0 0 0 0 0 0 0 0 0 0 0 0 0 0 0 0 0 0 0 0 0 0 10452 5903 4165 3811 3514 3469 3016 3174 2830 2649 2913 2418 2633 2468 2189 1898 2097 1840 1838 1706 1673 1251 1535 1639 1851 2012 3017 4917 8317 14989 27133 47107 68563 74218 66173 54538 46026 39725 34307 29018 25526 24643 26399 27924 29963 28169 22359 15411 10826 7802 6062 4950 4270 3239 2788 2355 1879 1597 1457 1150 1164 890 788

420 0 0 0 0 0 0 0 0 0 0 0 0 0 0 0 0 0 0 0 0 0 0 0 0 0 0 0 0 0 0 0 0 0 0 12669 7266 5349 4678 4369 4190 3905 4402 4081 3536 3584 3962 3604 3052 2814 2601 2426 2385 2108 2112 1996 2068 1862 2068 2436 2809 3652 4474 6208 10279 16905 28813 56541 115470 186524 210588 179544 145564 122616 110690 97662 84291 77515 79993 90560 102828 110808 106820 83040 55354 36166 24627 18370 14584 11312 10118 8059 6939 5509 4781 3884 3413 2722 2267 1839

410 0 0 0 0 0 0 0 0 0 0 0 0 0 0 0 0 0 0 0 0 0 0 0 0 0 0 0 0 0 0 0 0 11737 8184 5990 5198 4949 4771 4394 4430 4458 4566 4391 4556 3897 4319 3378 3136 3183 2836 2557 2469 2441 2380 2122 1967 2355 2587 3968 6039 8307 10677 15895 25718 42405 74585 153342 322316 511276 556414 449386 344524 292566 268576 246620 222606 210686 229714 266672 304688 327716 304728 231728 145758 88569 57483 40873 31403 25683 21614 16994 14347 11839 10062 8291 6981 5846 4312 3787

400 0 0 0 0 0 0 0 0 0 0 0 0 0 0 0 0 0 0 0 0 0 0 0 0 0 0 0 0 0 0 13512 8485 6678 5885 6086 6211 5860 6024 6354 5860 7349 6651 5748 5927 4999 4573 4347 4096 3852 3478 3281 3339 3138 2803 2725 2650 2557 3210 4381 6386 7637 10594 14907 24442 39844 76041 160392 289390 401354 413424 334358 262528 226634 207548 190630 176602 175662 197700 227684 251666 251728 221728 161720 102758 61739 39612 29298 23126 18405 14836 12321 10321 8861 7095 5890 5126 3924 3104 2486

390 0 0 0 0 0 0 0 0 0 0 0 0 0 0 0 0 0 0 0 0 0 0 0 0 0 0 0 0 16318 10201 7905 7321 6504 6392 7037 6927 6741 7564 8688 7732 6938 6790 6279 5827 5893 5527 4733 4398 3785 3596 3783 3175 2914 2864 2756 2623 2557 2592 2954 3902 4268 5413 7293 11431 17799 32536 66104 125230 181320 192534 157466 122422 105552 95202 87076 77976 76126 82611 96271 107698 110702 99734 72669 46306 28606 18823 14403 11389 9181 7388 6233 5555 4268 3824 3315 2806 2448 1907 1655

380 0 0 0 0 0 0 0 0 0 0 0 0 0 0 0 0 0 0 0 0 0 0 0 0 0 0 15162 9472 7526 6915 6613 6751 7072 7422 8265 9781 8687 7743 8197 8211 7579 7567 6877 6708 5802 6034 5625 4936 4439 4377 4076 3904 3232 3169 3487 2846 2791 2834 2890 3270 3451 4274 5108 7987 13202 23134 44861 78201 110472 115466 97064 76529 67249 57805 51431 46056 44187 47383 52750 58646 60444 53109 39697 25708 16733 11204 8858 6849 5920 4723 4236 3802 3049 2876 2618 2514 2580 3464 0.00E+00

370 0 0 0 0 0 0 0 0 0 0 0 0 0 0 0 0 0 0 0 0 0 0 0 0 16002 11727 7593 7348 7885 7455 7731 8104 9865 10026 8735 9499 8962 9079 8470 8052 8618 8116 7779 7202 6835 6031 6206 5575 5056 4508 4180 3763 3602 3408 3025 2902 2683 2923 2790 3048 3144 3256 4378 6638 11231 20199 37503 61166 84681 88581 76529 61867 52605 44161 37589 33756 30141 31489 34589 36399 37107 33504 25637 17729 11845 8567 6723 5315 4894 4084 3696 3341 3676 4387 0 0 0 0 0

360 0 0 0 0 0 0 0 0 0 0 0 0 0 0 0 0 0 0 0 0 0 0 18042 10703 8453 9960 7617 8079 8415 9073 10409 8700 10244 10213 10097 10818 10150 9798 9702 8866 8624 8624 8014 7610 7110 6642 6253 5255 4928 4745 4527 3987 3633 3529 3241 3020 3060 2975 2771 2780 2819 2793 3721 4741 7599 13256 23581 38758 52268 55449 47874 38888 33100 27925 25179 21646 20002 21184 22629 24942 24613 22048 17209 12052 8804 6330 5221 4584 4678 5865 0 0 0 0 0 0 0 0 0

350 0 0 0 0 0 0 0 0 0 0 0 0 0 0 0 0 0 0 0 0 18173 11099 8245 8529 7861 9663 8517 9828 9892 9673 10367 10518 11707 11374 10969 10453 9922 10106 9998 8833 8642 8571 8213 7065 6329 6717 5560 5564 5320 4292 4294 4042 3587 3644 3028 3062 2894 2771 2875 3128 2635 2926 3440 4739 7061 12389 21332 34599 44363 45386 40496 33920 28798 23270 20949 17442 16633 16318 17943 18733 19149 17314 13335 9726 7864 7845 0 0 0 0 0 0 0 0 0 0 0 0 0

340 0 0 0 0 0 0 0 0 0 0 0 0 0 0 0 0 0 0 17298 11601 8961 8609 8530 9005 9293 9890 10808 9712 10542 10011 10524 11877 10916 10615 10550 10501 10630 9849 9596 8705 8056 8023 7521 6915 6693 6604 5422 5516 4375 4402 4486 3952 3019 3340 3213 2880 2934 2607 2498 2723 2545 2901 3336 5196 8447 15077 25752 39477 50323 51816 47584 39765 32712 26583 22648 18716 16943 16411 17263 17400 18301 18238 0 0 0 0 0 0 0 0 0 0 0 0 0 0 0 0 0

330 0 0 0 0 0 0 0 0 0 0 0 0 0 0 0 0 16541 11159 8901 8738 8368 8747 8245 9201 9018 9524 9799 9741 9324 10143 10239 9321 10002 9446 10451 10035 9136 9666 8732 8087 7515 7984 7123 6374 5503 6288 5236 5294 4149 4210 3759 3080 3350 3197 2768 2728 2557 2555 2461 2375 2421 2763 3995 5782 10660 20309 34139 51593 64657 66516 59996 51197 41877 33500 27644 22945 20048 20699 0 0 0 0 0 0 0 0 0 0 0 0 0 0 0 0 0 0 0 0 0

320 0 0 0 0 0 0 0 0 0 0 0 0 0 0 17587 11807 10554 9810 8843 9228 9648 10278 9719 9852 9319 8724 8614 9317 8286 8197 8499 8840 8282 7817 8463 8713 7543 7649 7919 7472 6817 6472 6596 5897 5201 5838 4972 4479 3543 3501 3824 3378 2973 2829 2532 2409 2483 2138 2237 2387 2643 3026 3893 6793 12534 23066 40459 58649 72128 74194 69414 59280 48914 41932 0 0 0 0 0 0 0 0 0 0 0 0 0 0 0 0 0 0 0 0 0 0 0 0 0

310 0 0 0 0 0 0 0 0 0 0 0 0 13994 10444 9581 9862 10130 10524 9423 11202 12216 11099 10995 10221 9596 9076 9002 8773 7666 7333 7008 7124 6833 6720 6746 6664 7367 6145 5928 6587 6184 6025 5189 5478 4464 4485 4118 3930 3342 3177 2731 3004 2811 2636 2111 2485 2196 1988 2357 2090 2305 2777 3855 6359 12077 21708 37798 55427 0 0 0 0 0 0 0 0 0 0 0 0 0 0 0 0 0 0 0 0 0 0 0 0 0 0 0 0 0 0 0

300 0 0 0 0 0 0 0 0 0 0 10246 9199 11178 12298 13249 16240 17582 17808 18293 18367 18218 16758 16265 13671 13044 11644 10708 9144 8797 8766 7499 6662 7469 6577 6643 7091 6351 5611 6012 5636 5041 5178 5456 4222 3859 3822 4147 3564 3545 3083 2925 2598 2455 2325 2152 2402 2097 2261 2395 2220 2356 2873 4117 7395 13841 0 0 0 0 0 0 0 0 0 0 0 0 0 0 0 0 0 0 0 0 0 0 0 0 0 0 0 0 0 0 0 0 0 0

290 0 0 0 0 0 0 0 0 31966 40738 47163 47359 47187 47890 45378 45781 43194 40532 38193 36599 33444 28570 24998 21990 19111 16442 14933 13373 12254 9927 9542 8860 8190 7323 6718 6715 6119 6021 5321 5692 5603 5385 4603 4673 4207 3709 3841 3393 3069 3077 2482 2832 2653 2324 2328 2177 2139 2245 2246 2306 2431 0 0 0 0 0 0 0 0 0 0 0 0 0 0 0 0 0 0 0 0 0 0 0 0 0 0 0 0 0 0 0 0 0 0 0 0 0 0

280 0 0 0 0 0 0 31156 73797 120128 156539 167697 167694 148366 125685 102798 84652 68922 56079 48065 41355 34743 29429 24301 20372 16467 13976 12558 11213 9205 9066 7474 7465 6633 5877 5934 5415 5711 5595 5178 5079 4892 5017 4488 4198 3664 3499 3228 3272 2813 2864 2568 2285 2368 2236 2103 1918 1928 2080 0 0 0 0 0 0 0 0 0 0 0 0 0 0 0 0 0 0 0 0 0 0 0 0 0 0 0 0 0 0 0 0 0 0 0 0 0 0 0 0 0

270 0 0 0 0 813 5779 23212 53119 84015 111477 120304 115734 105785 88851 73313 61575 51777 43450 37485 32676 28326 23391 19840 16378 14192 12167 10016 9091 7755 6689 6803 5541 5512 5090 5002 5104 4586 3968 4753 3843 4079 3905 3714 3491 3454 3124 2999 3071 2426 2281 2305 2303 1946 1785 0 0 0 0 0 0 0 0 0 0 0 0 0 0 0 0 0 0 0 0 0 0 0 0 0 0 0 0 0 0 0 0 0 0 0 0 0 0 0 0 0 0 0 0 0

260 0 0 90 240 763 3392 10513 20788 32117 40857 43627 42350 40004 36207 34241 33393 32921 29665 29022 26753 25223 22817 20484 16926 13582 11525 10066 7981 6653 5615 4709 4640 4314 4262 4537 4059 4107 3823 3691 3878 3679 3314 3236 2775 2448 2706 2738 2395 2054 2174 0 0 0 0 0 0 0 0 0 0 0 0 0 0 0 0 0 0 0 0 0 0 0 0 0 0 0 0 0 0 0 0 0 0 0 0 0 0 0 0 0 0 0 0 0 0 0 0 0

250 38 12 6 24 414 1207 3300 5917 9229 10875 12925 12755 13343 13731 14164 16850 17790 18110 18664 18811 17975 15637 14234 12336 10773 8182 7499 6242 5270 4663 4186 3705 4032 3372 3119 3395 3188 3424 3214 3089 2882 2912 2676 2283 2357 2064 0 0 0 0 0 0 0 0 0 0 0 0 0 0 0 0 0 0 0 0 0 0 0 0 0 0 0 0 0 0 0 0 0 0 0 0 0 0 0 0 0 0 0 0 0 0 0 0 0 0 0 0 0
