260 265 270 275 280 285 290 295 300 305 310 315 320 325 330 335 340 345 350 355 360 365 370 375 380 385 390 395 400 405 410 415 420 425 430 435 440 445 450 455 460 465 470 475 480 485 490 495 500 505 510 515 520 525 530 535 540 545 550 555 560 565 570 575 580 585 590 595 600 605 610 615 620 625 630 635 640 645 650 655 660 665 670 675 680 685 690 695 700 705 710 715 720 725 730 735 740 745 750

520 0 0 0 0 0 0 0 0 0 0 0 0 0 0 0 0 0 0 0 0 0 0 0 0 0 0 0 0 0 0 0 0 0 0 0 0 0 0 0 0 0 0 0 0 0 0 0 0 0 0 0 0 0 0 1.01E+05 54016 36485 26931 22779 20541 18615 16770 14706 13499 12960 12310 11868 12419 9475 8580 8305 7791 7683 7047 6623 6068 5675 5304 5200 4797 4396 4246 3933 3553 3681 3479 3411 3090 2952 3190 2820 2676 2592 2720 2515 2764 3659 3202 3304

510 0 0 0 0 0 0 0 0 0 0 0 0 0 0 0 0 0 0 0 0 0 0 0 0 0 0 0 0 0 0 0 0 0 0 0 0 0 0 0 0 0 0 0 0 0 0 0 0 0 0 0 0 1.13E+05 59488 40479 30414 25745 24306 21316 20218 18081 16441 15529 13843 13599 14430 11199 10293 9883 9250 8873 8128 7781 7083 6666 6289 5886 5759 5529 4905 4663 4458 4370 3733 3645 3851 3701 3256 2970 2850 2992 2870 3136 3024 2666 3040 3228 3246 3254

500 0 0 0 0 0 0 0 0 0 0 0 0 0 0 0 0 0 0 0 0 0 0 0 0 0 0 0 0 0 0 0 0 0 0 0 0 0 0 0 0 0 0 0 0 0 0 0 0 0 0 1.21E+05 63681 44160 33017 29560 26678 24401 21665 20876 20297 18837 17297 16036 16421 13018 12590 11374 11177 10166 9608 9037 8618 7907 7360 7013 6531 6036 5695 4945 5088 4767 4298 4745 4058 3749 3413 3463 3190 3002 3613 3186 2824 2732 2744 3038 3479 3919 4042 3074

490 0 0 0 0 0 0 0 0 0 0 0 0 0 0 0 0 0 0 0 0 0 0 0 0 0 0 0 0 0 0 0 0 0 0 0 0 0 0 0 0 0 0 0 0 0 0 0 0 1.34E+05 70501 48970 37498 32467 30177 28327 25572 23692 23755 22190 20384 19303 19105 15479 14328 13640 12473 11510 10809 9907 9614 8789 8847 8114 8158 7215 6443 6331 5773 5673 5046 4683 4889 4372 4108 3793 3587 4957 3583 3363 3002 2916 2808 2844 3162 3879 3609 3859 3895 3375

480 0 0 0 0 0 0 0 0 0 0 0 0 0 0 0 0 0 0 0 0 0 0 0 0 0 0 0 0 0 0 0 0 0 0 0 0 0 0 0 0 0 0 0 0 0 0 1.59E+05 83927 58068 43644 38189 35200 33453 31877 29588 28646 26593 25990 24870 23824 19684 17821 17017 15692 14422 13907 12763 12228 10877 10475 10132 9415 8841 8379 7891 7422 6577 6501 6477 5523 5122 4625 4755 5759 4158 4002 3897 3483 3178 3252 3861 4154 3479 3817 4705 4038 4438 3673 3553

470 0 0 0 0 0 0 0 0 0 0 0 0 0 0 0 0 0 0 0 0 0 0 0 0 0 0 0 0 0 0 0 0 0 0 0 0 0 0 0 0 0 0 0 0 1.96E+05 1.08E+05 74226 57183 49050 45411 44657 42844 40397 39372 36412 35362 34414 33195 28385 26433 23644 22089 19976 18547 17142 16298 15122 13806 13887 12159 11301 11062 10102 9552 10154 8676 7691 7201 6638 6644 6680 5673 6379 5551 4869 4825 4681 5066 5483 3847 4384 5102 4118 4903 4925 5094 4837 4304 4603

460 0 0 0 0 0 0 0 0 0 0 0 0 0 0 0 0 0 0 0 0 0 0 0 0 0 0 0 0 0 0 0 0 0 0 0 0 0 0 0 0 0 0 2.03E+05 1.08E+05 78302 62545 54767 49297 46795 44545 42658 41405 39263 37661 37316 36241 29942 28410 26354 24314 22763 20866 19341 17876 16687 15561 14257 13018 12887 11524 11259 10795 9847 9682 8688 8409 7913 7506 7235 8301 6479 5958 5807 5477 6305 6064 4915 5104 5487 4494 5076 4388 4871 5216 5898 5412 5108 4831 4547

450 0 0 0 0 0 0 0 0 0 0 0 0 0 0 0 0 0 0 0 0 0 0 0 0 0 0 0 0 0 0 0 0 0 0 0 0 0 0 0 0 2.19E+05 1.26E+05 92058 73310 68206 64708 60317 55180 53863 51797 48646 46000 46524 45933 38210 36209 33690 31433 28999 26219 24149 22612 20378 20257 17356 16320 15511 14712 13782 13722 13438 11880 11480 10451 10309 10990 11281 8758 8140 7695 7386 8471 7679 6866 6896 7500 6128 6323 5731 5807 6182 6934 6212 6403 6451 6142 6844 5847 5212

440 0 0 0 0 0 0 0 0 0 0 0 0 0 0 0 0 0 0 0 0 0 0 0 0 0 0 0 0 0 0 0 0 0 0 0 0 0 0 2.20E+05 1.19E+05 86839 76110 72073 66034 66375 62820 61195 55653 51597 49411 49203 47393 41867 39383 37251 34932 32037 30228 27608 25378 23549 21088 20111 19514 17082 16143 16441 13927 13292 12153 11382 11747 13159 12234 9939 9459 8913 8740 9509 8387 7645 7552 8128 6664 6543 5877 5964 5803 7245 5695 5464 5360 5835 6505 6756 5615 5226 5286 4579

430 0 0 0 0 0 0 0 0 0 0 0 0 0 0 0 0 0 0 0 0 0 0 0 0 0 0 0 0 0 0 0 0 0 0 0 0 2.16E+05 1.24E+05 96182 79180 76205 76507 77893 72506 72257 68613 65625 60559 58916 54881 49812 46763 44064 41598 38307 35977 33572 31409 30001 26757 24250 22947 21185 20063 18303 17346 15614 14941 14305 15664 13424 11958 11739 10741 10548 10996 9455 8371 8718 9025 7907 7372 6894 6495 6210 7504 5912 5392 5412 5412 5314 5511 5673 5769 6134 5180 4899 4643 4458

420 0 0 0 0 0 0 0 0 0 0 0 0 0 0 0 0 0 0 0 0 0 0 0 0 0 0 0 0 0 0 0 0 0 0 2.31E+05 1.37E+05 1.06E+05 91019 91569 89088 90398 90186 92710 86598 84753 82929 77760 71447 65199 59618 55669 51936 49781 45468 42713 40164 36751 33779 31444 28855 26791 25422 23789 21689 19809 19194 18383 17402 16594 15461 14380 13979 14986 13390 12147 11735 12409 9845 9256 8469 8088 7616 8245 7273 6860 6724 7404 6373 6120 5577 5928 6359 6355 6473 6038 5781 5547 5475 5202

410 0 0 0 0 0 0 0 0 0 0 0 0 0 0 0 0 0 0 0 0 0 0 0 0 0 0 0 0 0 0 0 0 2.33E+05 1.45E+05 1.17E+05 1.08E+05 1.06E+05 1.07E+05 1.13E+05 1.09E+05 1.10E+05 1.08E+05 1.06E+05 1.02E+05 98579 92955 85831 77368 72117 66143 59968 55647 52554 48521 44049 42626 38565 34934 34268 31589 28009 25671 22953 22321 20979 21671 19061 17773 17023 18204 16945 15745 15620 16282 14368 13241 12793 11914 11309 10950 10373 9256 9001 9714 9929 8861 7717 7883 6876 6575 7131 7448 7536 7151 6670 6487 6509 6287 5972

400 0 0 0 0 0 0 0 0 0 0 0 0 0 0 0 0 0 0 0 0 0 0 0 0 0 0 0 0 0 0 2.37E+05 1.54E+05 1.30E+05 1.25E+05 1.28E+05 1.34E+05 1.38E+05 1.40E+05 1.45E+05 1.41E+05 1.39E+05 1.37E+05 1.36E+05 1.24E+05 1.17E+05 1.10E+05 1.01E+05 90884 82372 74465 69628 63424 57777 53353 50473 47244 42180 38313 35569 32607 30963 29373 30481 25422 23064 22030 23807 22293 20719 19650 20545 18901 17988 17678 17039 18811 15900 15624 14754 13597 11808 11040 10250 9875 9212 9202 8945 8740 8397 9048 9114 9628 9228 9066 8692 8752 8706 8439 8602

390 0 0 0 0 0 0 0 0 0 0 0 0 0 0 0 0 0 0 0 0 0 0 0 0 0 0 0 0 2.53E+05 1.67E+05 1.46E+05 1.42E+05 1.50E+05 1.61E+05 1.72E+05 1.78E+05 1.81E+05 1.82E+05 1.82E+05 1.79E+05 1.72E+05 1.63E+05 1.57E+05 1.45E+05 1.35E+05 1.26E+05 1.13E+05 1.01E+05 89119 81298 74127 66050 60723 55778 52721 49213 44335 41372 41118 43418 33992 31324 29590 29888 28227 26904 25511 25586 23310 22180 21243 20519 22303 18436 16196 15229 14871 13740 12431 12405 12284 11484 10725 10582 10532 11219 10453 10202 10506 10642 11470 11745 11295 10931 10921 11940 11880 12568 13752

380 0 0 0 0 0 0 0 0 0 0 0 0 0 0 0 0 0 0 0 0 0 0 0 0 0 0 3.02E+05 2.31E+05 2.16E+05 2.12E+05 2.20E+05 2.31E+05 2.42E+05 2.50E+05 2.55E+05 2.55E+05 2.49E+05 2.42E+05 2.37E+05 2.20E+05 2.08E+05 1.96E+05 1.82E+05 1.66E+05 1.53E+05 1.43E+05 1.25E+05 1.08E+05 98392 86901 81081 72708 65604 59353 56196 54802 56071 44862 40530 38356 37503 34538 31705 30013 28478 26134 23969 22228 20531 21841 17803 16808 16089 16729 16536 14877 14283 13579 12934 12161 11737 12131 11938 11124 11088 11842 11591 11165 11649 12344 13346 14352 14048 15181 16524 18714 23442 31253 0

370 0 0 0 0 0 0 0 0 0 0 0 0 0 0 0 0 0 0 0 0 0 0 0 0 4.42E+05 4.29E+05 4.23E+05 4.31E+05 4.43E+05 4.47E+05 4.47E+05 4.41E+05 4.36E+05 4.24E+05 4.06E+05 3.86E+05 3.61E+05 3.34E+05 3.09E+05 2.78E+05 2.54E+05 2.32E+05 2.11E+05 1.87E+05 1.69E+05 1.54E+05 1.35E+05 1.18E+05 1.03E+05 91744 80822 72818 68547 65606 54362 48187 45433 42905 38691 34755 31217 29029 26229 23712 22378 21625 21960 19274 17868 16969 17360 16731 16028 16530 15513 14499 14006 13666 13048 12596 12469 12300 12208 12151 12835 13402 12946 13881 15255 17328 19196 21520 26977 37086 54603 0.00E+00 0.00E+00 0.00E+00 0

360 0 0 0 0 0 0 0 0 0 0 0 0 0 0 0 0 0 0 0 0 0 0 5.25E+05 5.86E+05 6.65E+05 7.39E+05 7.68E+05 7.82E+05 7.76E+05 7.49E+05 7.14E+05 6.78E+05 6.36E+05 5.95E+05 5.50E+05 5.00E+05 4.51E+05 4.03E+05 3.61E+05 3.19E+05 2.87E+05 2.52E+05 2.23E+05 1.93E+05 1.71E+05 1.53E+05 1.31E+05 1.12E+05 96586 84296 77959 67492 59634 53059 49503 44182 40845 37468 35941 30963 28159 26356 24737 23313 21738 19599 19704 18567 17513 17392 17005 15930 15660 15843 14782 14680 13871 13312 14024 13903 13559 15102 14485 15157 16880 18426 19323 21195 25612 35864 53069 0.00E+00 0.00E+00 0.00E+00 0 0.00E+00 0.00E+00 0.00E+00 0

350 0 0 0 0 0 0 0 0 0 0 0 0 0 0 0 0 0 0 0 0 3.72E+05 4.58E+05 6.22E+05 7.74E+05 8.86E+05 9.54E+05 9.80E+05 9.74E+05 9.42E+05 8.87E+05 8.28E+05 7.65E+05 7.06E+05 6.47E+05 5.88E+05 5.24E+05 4.65E+05 4.07E+05 3.60E+05 3.12E+05 2.74E+05 2.41E+05 2.12E+05 1.82E+05 1.61E+05 1.40E+05 1.21E+05 1.04E+05 91916 77711 66320 60836 53826 47842 44003 39501 36268 32887 30909 28669 26103 24409 22367 22452 21693 19343 20313 18170 17255 17178 16081 15877 15914 14819 14597 14495 13724 14456 14052 15018 16349 17201 18668 20769 24814 33520 49571 0.00E+00 0.00E+00 0.00E+00 0 0.00E+00 0.00E+00 0.00E+00 0 0.00E+00 0.00E+00 0.00E+00 0

340 0 0 0 0 0 0 0 0 0 0 0 0 0 0 0 0 0 0 2.15E+05 2.10E+05 3.05E+05 4.69E+05 6.53E+05 8.05E+05 9.05E+05 9.58E+05 9.71E+05 9.51E+05 9.15E+05 8.51E+05 7.85E+05 7.20E+05 6.58E+05 5.98E+05 5.37E+05 4.81E+05 4.20E+05 3.66E+05 3.24E+05 2.79E+05 2.44E+05 2.14E+05 1.88E+05 1.61E+05 1.44E+05 1.35E+05 1.07E+05 90011 78841 68739 60776 53750 48168 42585 38899 35321 33641 30805 28559 26342 25703 24369 22993 21946 19833 20115 18357 17994 18768 16635 16830 17191 16020 16034 15916 16232 16967 17454 19785 21715 26611 34719 50388 0.00E+00 0.00E+00 0.00E+00 0 0.00E+00 0.00E+00 0.00E+00 0 0.00E+00 0.00E+00 0.00E+00 0 0.00E+00 0.00E+00 0.00E+00 0

330 0 0 0 0 0 0 0 0 0 0 0 0 0 0 0 0 1.68E+05 1.08E+05 1.06E+05 1.56E+05 2.58E+05 4.05E+05 5.58E+05 6.85E+05 7.56E+05 7.93E+05 8.04E+05 7.81E+05 7.45E+05 6.91E+05 6.38E+05 5.81E+05 5.33E+05 4.81E+05 4.36E+05 3.85E+05 3.40E+05 2.96E+05 2.62E+05 2.27E+05 2.00E+05 1.79E+05 1.73E+05 1.34E+05 1.16E+05 1.05E+05 91673 76600 67397 59089 51734 46703 41748 41384 34702 31616 29132 28319 27230 26423 24696 23008 21298 20715 19936 19127 18537 18331 18373 18303 18643 17785 19158 19591 21758 22836 28019 37988 55835 0.00E+00 0.00E+00 0.00E+00 0 0.00E+00 0.00E+00 0.00E+00 0 0.00E+00 0.00E+00 0.00E+00 0 0.00E+00 0.00E+00 0.00E+00 0 0.00E+00 0.00E+00 0.00E+00 0

320 0 0 0 0 0 0 0 0 0 0 0 0 0 0 1.46E+05 87046 64891 58640 71503 1.18E+05 1.92E+05 2.90E+05 3.92E+05 4.78E+05 5.27E+05 5.52E+05 5.58E+05 5.46E+05 5.16E+05 4.82E+05 4.45E+05 4.06E+05 3.72E+05 3.37E+05 3.06E+05 2.72E+05 2.41E+05 2.12E+05 1.93E+05 1.83E+05 1.48E+05 1.31E+05 1.18E+05 1.03E+05 90036 81685 70190 61201 53445 48119 45949 38870 35372 32520 31506 28414 27730 25638 23842 22913 21984 22937 20347 19543 19569 19520 19218 19734 20555 21227 23642 23987 27914 37533 56871 0.00E+00 0.00E+00 0.00E+00 0 0.00E+00 0.00E+00 0.00E+00 0 0.00E+00 0.00E+00 0.00E+00 0 0.00E+00 0.00E+00 0.00E+00 0 0.00E+00 0.00E+00 0.00E+00 0 0.00E+00 0.00E+00 0.00E+00 0

310 0 0 0 0 0 0 0 0 0 0 0 0 1.19E+05 75598 59734 50690 48138 50098 60397 84959 1.26E+05 1.82E+05 2.37E+05 2.84E+05 3.09E+05 3.19E+05 3.22E+05 3.15E+05 2.99E+05 2.79E+05 2.60E+05 2.39E+05 2.20E+05 2.02E+05 1.83E+05 1.66E+05 1.61E+05 1.33E+05 1.22E+05 1.08E+05 1.00E+05 89526 83726 69428 62993 57123 52032 46805 40574 36335 34763 32755 29952 28391 25477 22983 21366 22038 20795 20234 19892 19474 19071 19055 19645 21120 22781 23506 26130 32686 50557 0.00E+00 0.00E+00 0.00E+00 0 0.00E+00 0.00E+00 0.00E+00 0 0.00E+00 0.00E+00 0.00E+00 0 0.00E+00 0.00E+00 0.00E+00 0 0.00E+00 0.00E+00 0.00E+00 0 0.00E+00 0.00E+00 0.00E+00 0 0.00E+00 0.00E+00 0.00E+00 0

300 0 0 0 0 0 0 0 0 0 0 87509 76641 76695 79364 78064 79569 77818 76666 80506 93887 1.08E+05 1.28E+05 1.46E+05 1.62E+05 1.67E+05 1.70E+05 1.70E+05 1.64E+05 1.56E+05 1.45E+05 1.35E+05 1.25E+05 1.18E+05 1.17E+05 1.01E+05 91201 84664 79013 74672 69393 62285 57648 53517 46504 43673 39956 36111 33615 30206 29574 25519 23923 22378 21138 21372 18212 17388 17068 16927 17585 17088 17189 18984 18996 20565 25481 37261 0.00E+00 0.00E+00 0.00E+00 0 0.00E+00 0.00E+00 0.00E+00 0 0.00E+00 0.00E+00 0.00E+00 0 0.00E+00 0.00E+00 0.00E+00 0 0.00E+00 0.00E+00 0.00E+00 0 0.00E+00 0.00E+00 0.00E+00 0 0.00E+00 0.00E+00 0.00E+00 0 0.00E+00 0.00E+00 0.00E+00 0

290 0 0 0 0 0 0 0 0 49250 62820 80123 94652 1.01E+05 1.05E+05 1.02E+05 96542 89594 87129 85576 92242 96875 1.05E+05 1.16E+05 1.19E+05 1.22E+05 1.20E+05 1.16E+05 1.12E+05 1.06E+05 99352 95266 87131 80156 73923 69204 63439 60255 53192 51716 46934 44160 42152 37895 33116 32315 29786 28962 24038 21084 19930 20424 17557 16592 15787 14972 14515 12928 12644 13605 14420 14388 15573 19698 0.00E+00 0.00E+00 0.00E+00 0 0.00E+00 0.00E+00 0.00E+00 0 0.00E+00 0.00E+00 0.00E+00 0 0.00E+00 0.00E+00 0.00E+00 0 0.00E+00 0.00E+00 0.00E+00 0 0.00E+00 0.00E+00 0.00E+00 0 0.00E+00 0.00E+00 0.00E+00 0 0.00E+00 0.00E+00 0.00E+00 0 0.00E+00 0.00E+00 0.00E+00 0

280 0 0 0 0 0 0 8214 16822 31658 49177 64583 73929 74959 73372 69947 66188 61605 57445 58133 63543 68994 78225 87733 95010 98754 98654 98006 95799 99282 84749 79432 75169 68694 65717 58830 52809 49728 45969 48036 40599 38598 36572 37177 29444 27098 24953 23642 22779 18998 17456 15783 15300 14102 13292 12690 13875 10915 11008 11649 0.00E+00 0.00E+00 0.00E+00 0 0.00E+00 0.00E+00 0.00E+00 0 0.00E+00 0.00E+00 0.00E+00 0 0.00E+00 0.00E+00 0.00E+00 0 0.00E+00 0.00E+00 0.00E+00 0 0.00E+00 0.00E+00 0.00E+00 0 0.00E+00 0.00E+00 0.00E+00 0 0.00E+00 0.00E+00 0.00E+00 0 0.00E+00 0.00E+00 0.00E+00 0 0.00E+00 0.00E+00 0.00E+00 0

270 0 0 0 0 502 1547 3965 10269 19910 30704 39610 45358 47538 47854 46642 43691 41439 43102 42204 46810 53719 62689 71663 78209 83697 97242 84258 81751 79840 73145 71206 65070 59948 56470 51797 48040 44728 41398 42695 41810 35833 33025 31652 29977 25865 23805 21748 19688 18482 16715 15801 17503 14150 13446 12515 0.00E+00 0.00E+00 0.00E+00 0 0.00E+00 0.00E+00 0.00E+00 0 0.00E+00 0.00E+00 0.00E+00 0 0.00E+00 0.00E+00 0.00E+00 0 0.00E+00 0.00E+00 0.00E+00 0 0.00E+00 0.00E+00 0.00E+00 0 0.00E+00 0.00E+00 0.00E+00 0 0.00E+00 0.00E+00 0.00E+00 0 0.00E+00 0.00E+00 0.00E+00 0 0.00E+00 0.00E+00 0.00E+00 0 0.00E+00 0.00E+00 0.00E+00 0

260 0 0 122 164 362 1014 2862 5958 11462 16385 21405 25830 27256 27726 28424 27339 27422 28019 29871 34481 38974 46979 73044 58728 59041 62106 61207 62320 58103 54753 51397 48640 46444 43066 40922 39482 38895 34776 37054 33516 33765 30335 29059 24161 23997 21651 20406 23212 16850 15763 15237 0.00E+00 0.00E+00 0.00E+00 0 0.00E+00 0.00E+00 0.00E+00 0 0.00E+00 0.00E+00 0.00E+00 0 0.00E+00 0.00E+00 0.00E+00 0 0.00E+00 0.00E+00 0.00E+00 0 0.00E+00 0.00E+00 0.00E+00 0 0.00E+00 0.00E+00 0.00E+00 0 0.00E+00 0.00E+00 0.00E+00 0 0.00E+00 0.00E+00 0.00E+00 0 0.00E+00 0.00E+00 0.00E+00 0 0.00E+00 0.00E+00 0.00E+00 0 0.00E+00 0.00E+00 0.00E+00 0

250 92 38 60 108 236 754 2019 4020 6672 10172 12899 15279 18619 18236 19514 20604 21158 21764 23539 38925 29746 31077 36416 36132 40823 37730 37257 38866 37344 35849 34232 33530 34952 31591 29691 29323 31441 27681 32218 27825 26933 26318 25772 24616 21944 20481 19081 0.00E+00 0.00E+00 0.00E+00 0 0.00E+00 0.00E+00 0.00E+00 0 0.00E+00 0.00E+00 0.00E+00 0 0.00E+00 0.00E+00 0.00E+00 0 0.00E+00 0.00E+00 0.00E+00 0 0.00E+00 0.00E+00 0.00E+00 0 0.00E+00 0.00E+00 0.00E+00 0 0.00E+00 0.00E+00 0.00E+00 0 0.00E+00 0.00E+00 0.00E+00 0 0.00E+00 0.00E+00 0.00E+00 0 0.00E+00 0.00E+00 0.00E+00 0 0.00E+00 0.00E+00 0.00E+00 0 0.00E+00 0.00E+00 0.00E+00 0
