260 265 270 275 280 285 290 295 300 305 310 315 320 325 330 335 340 345 350 355 360 365 370 375 380 385 390 395 400 405 410 415 420 425 430 435 440 445 450 455 460 465 470 475 480 485 490 495 500 505 510 515 520 525 530 535 540 545 550 555 560 565 570 575 580 585 590 595 600 605 610 615 620 625 630 635 640 645 650 655 660 665 670 675 680 685 690 695 700 705 710 715 720 725 730 735 740 745 750

520 0 0 0 0 0 0 0 0 0 0 0 0 0 0 0 0 0 0 0 0 0 0 0 0 0 0 0 0 0 0 0 0 0 0 0 0 0 0 0 0 0 0 0 0 0 0 0 0 0 0 0 0 0 0 1.08E+05 56196 36515 27161 22713 20511 17751 16006 14613 13004 12664 12027 11898 12222 9353 8742 8536 7793 7492 7249 6415 5980 5877 5489 5116 4901 4683 4490 3973 3921 3891 3647 3425 3519 3208 3757 3068 2812 2826 2960 3208 3218 4098 3807 3431

510 0 0 0 0 0 0 0 0 0 0 0 0 0 0 0 0 0 0 0 0 0 0 0 0 0 0 0 0 0 0 0 0 0 0 0 0 0 0 0 0 0 0 0 0 0 0 0 0 0 0 0 0 1.17E+05 61735 41952 29940 25996 22715 20957 18271 16582 15891 15070 13750 13871 13428 10500 9977 9202 8979 8895 8355 7452 7378 6868 6449 6054 5811 5881 4853 4791 4847 4274 4130 3677 4078 3889 3421 3226 3056 3230 3018 3040 3497 2864 3645 3889 3497 3899

500 0 0 0 0 0 0 0 0 0 0 0 0 0 0 0 0 0 0 0 0 0 0 0 0 0 0 0 0 0 0 0 0 0 0 0 0 0 0 0 0 0 0 0 0 0 0 0 0 0 0 1.25E+05 66190 45028 33921 28501 25778 24151 21740 19309 19006 17815 15980 15843 15388 12453 11840 11583 10510 9941 9369 8674 8273 7681 7109 6832 6597 6130 5871 5651 5282 4939 4565 4963 4238 3953 3857 3611 3475 3395 3589 3945 3110 3102 2912 3252 4252 4184 4957 3661

490 0 0 0 0 0 0 0 0 0 0 0 0 0 0 0 0 0 0 0 0 0 0 0 0 0 0 0 0 0 0 0 0 0 0 0 0 0 0 0 0 0 0 0 0 0 0 0 0 1.36E+05 72096 48413 37950 31610 28897 27495 24127 21560 21506 19805 18571 18160 17114 13905 13149 12391 11997 11132 10632 9833 9198 8857 8271 7831 8096 7079 6204 6625 5982 5573 5625 4979 4783 4466 4114 4082 4068 4759 4633 3288 3084 3186 3016 3294 3168 4835 4530 3891 4332 3342

480 0 0 0 0 0 0 0 0 0 0 0 0 0 0 0 0 0 0 0 0 0 0 0 0 0 0 0 0 0 0 0 0 0 0 0 0 0 0 0 0 0 0 0 0 0 0 1.57E+05 83457 55817 42202 36781 33408 31739 29106 26718 25345 24179 22769 22630 21695 17213 16347 15509 14291 13378 12765 11900 10775 10524 9825 9835 8805 8421 8092 7655 7103 6567 6246 6525 5479 5302 4717 4843 6601 4919 4216 4060 3885 3499 3599 3647 4885 4018 3597 5270 4683 4611 3985 3873

470 0 0 0 0 0 0 0 0 0 0 0 0 0 0 0 0 0 0 0 0 0 0 0 0 0 0 0 0 0 0 0 0 0 0 0 0 0 0 0 0 0 0 0 0 2.09E+05 1.15E+05 77085 58588 48493 45174 42530 40355 37370 36422 33495 32694 33942 32642 25869 24116 22452 20642 19230 18075 16463 15277 14625 13837 13191 12566 11657 11374 10150 9572 10136 9156 7905 7502 7111 7267 8702 6329 6074 6014 5304 5098 5316 5511 6908 5446 4731 6092 4526 5400 5851 5801 5487 5629 4985

460 0 0 0 0 0 0 0 0 0 0 0 0 0 0 0 0 0 0 0 0 0 0 0 0 0 0 0 0 0 0 0 0 0 0 0 0 0 0 0 0 0 0 2.08E+05 1.10E+05 76044 60635 51877 45372 41002 39053 38370 37411 34406 32412 33556 32929 26443 25188 23317 21443 20456 18827 17559 16423 15555 15135 13644 12529 12461 11673 11253 11444 9849 9620 9294 8279 8214 8032 7336 7735 6942 6204 5877 6054 6066 7314 5879 5017 6244 5032 5011 5116 5220 5515 7974 6162 5591 5098 4991

450 0 0 0 0 0 0 0 0 0 0 0 0 0 0 0 0 0 0 0 0 0 0 0 0 0 0 0 0 0 0 0 0 0 0 0 0 0 0 0 0 2.22E+05 1.27E+05 93020 70707 63802 60007 55281 50878 47991 44127 42103 41484 41962 40277 34581 32788 30076 27924 26113 23789 22543 20275 18912 18470 16667 15906 14861 14416 12923 12662 13575 12059 11237 10843 10289 10086 12077 9074 8672 8220 8261 8774 8895 7747 6942 7952 6816 6208 6114 6190 6026 8194 6583 6958 6968 6740 7205 6824 5615

440 0 0 0 0 0 0 0 0 0 0 0 0 0 0 0 0 0 0 0 0 0 0 0 0 0 0 0 0 0 0 0 0 0 0 0 0 0 0 2.19E+05 1.21E+05 89000 75219 71309 64003 60826 58013 55575 49338 47030 44327 43585 42011 37488 35508 33761 31620 29695 27580 25887 23902 22917 20017 18498 18452 15831 15567 15738 14800 12976 12250 11583 11589 13048 14356 9903 9417 8636 8945 9423 9541 8098 7564 8542 7071 6449 6593 6401 6190 7711 5741 5827 5823 6603 6780 6976 6349 5515 5350 5009

430 0 0 0 0 0 0 0 0 0 0 0 0 0 0 0 0 0 0 0 0 0 0 0 0 0 0 0 0 0 0 0 0 0 0 0 0 2.14E+05 1.28E+05 98752 80084 76449 76278 77310 70291 68743 64396 61620 58017 54086 50059 45584 43131 41407 39033 36012 33692 31717 29695 27831 25479 23642 22121 20404 20115 17795 16753 16002 14861 14501 17096 15954 12157 11323 10759 10168 10694 10706 9489 8473 9088 7633 7492 7101 6646 6313 7201 5988 5450 5561 5801 5519 5593 6178 6309 6248 5505 5206 4995 5017

420 0 0 0 0 0 0 0 0 0 0 0 0 0 0 0 0 0 0 0 0 0 0 0 0 0 0 0 0 0 0 0 0 0 0 2.32E+05 1.46E+05 1.14E+05 97804 98417 95002 95127 94796 98019 89272 86217 83643 78337 71433 65170 58882 54986 51280 47991 45615 42469 40363 36107 33611 31433 28742 26255 25113 24001 21578 20232 19051 21066 19091 16761 15414 14984 14460 15223 14949 12946 11438 11763 10297 9467 8762 8572 7645 7905 7071 7269 7053 7855 7883 6674 6391 6625 6692 6732 6439 6291 6373 6114 5727 5647

410 0 0 0 0 0 0 0 0 0 0 0 0 0 0 0 0 0 0 0 0 0 0 0 0 0 0 0 0 0 0 0 0 2.37E+05 1.57E+05 1.30E+05 1.22E+05 1.20E+05 1.22E+05 1.26E+05 1.22E+05 1.21E+05 1.19E+05 1.16E+05 1.10E+05 1.05E+05 98713 89577 81799 73766 67986 61484 56898 54261 49260 45388 43192 38864 35797 34569 31723 28027 25816 24022 24127 22285 20160 19970 18442 17872 18688 18069 16780 14823 15567 14100 13233 12915 12445 13269 11235 10481 9911 9831 9714 10496 9190 7791 7476 6993 7161 7299 8174 8445 7847 7372 6712 7101 6822 6826

400 0 0 0 0 0 0 0 0 0 0 0 0 0 0 0 0 0 0 0 0 0 0 0 0 0 0 0 0 0 0 2.39E+05 1.66E+05 1.49E+05 1.43E+05 1.48E+05 1.54E+05 1.60E+05 1.62E+05 1.64E+05 1.62E+05 1.57E+05 1.54E+05 1.52E+05 1.39E+05 1.28E+05 1.21E+05 1.10E+05 99163 88432 79457 73727 65771 60325 55311 51121 48595 44229 39968 37074 33331 32193 30698 28823 26516 24450 23490 24413 24048 22676 21015 20337 19387 18341 18142 17682 19841 16874 15716 14543 13748 12051 10630 10329 10491 9813 9662 9100 9126 9116 9576 9935 10471 10447 10269 9349 9590 9019 9437 9144

390 0 0 0 0 0 0 0 0 0 0 0 0 0 0 0 0 0 0 0 0 0 0 0 0 0 0 0 0 3.05E+05 1.92E+05 1.59E+05 1.55E+05 1.67E+05 1.80E+05 1.93E+05 1.98E+05 2.01E+05 2.01E+05 2.03E+05 1.96E+05 1.89E+05 1.80E+05 1.72E+05 1.57E+05 1.45E+05 1.35E+05 1.22E+05 1.09E+05 95624 85601 76942 68556 64168 58418 53785 49307 44930 42620 40324 40743 34800 31750 30382 30676 30287 28553 26568 24642 24066 21919 21566 20598 22030 17630 15151 14249 15066 14408 13020 12025 12095 11231 10956 10487 10958 11392 10907 10771 10674 11213 11532 12141 12141 11659 11518 13056 13346 14038 15261

380 0 0 0 0 0 0 0 0 0 0 0 0 0 0 0 0 0 0 0 0 0 0 0 0 0 0 2.80E+05 2.16E+05 2.03E+05 2.06E+05 2.19E+05 2.35E+05 2.49E+05 2.58E+05 2.62E+05 2.63E+05 2.57E+05 2.52E+05 2.46E+05 2.32E+05 2.18E+05 2.04E+05 1.92E+05 1.73E+05 1.57E+05 1.50E+05 1.30E+05 1.16E+05 1.01E+05 91735 82827 74267 67963 60854 56689 54116 56591 44983 41913 38937 37807 35492 34069 31061 28205 25747 23345 21118 19783 20029 17853 16655 15853 15453 15946 14521 14227 12978 12483 11983 12246 11942 11896 11335 11281 11780 11745 11876 11902 12706 13740 15416 15199 15896 17831 20682 26751 36237 0

370 0 0 0 0 0 0 0 0 0 0 0 0 0 0 0 0 0 0 0 0 0 0 0 0 4.10E+05 3.90E+05 3.82E+05 3.94E+05 4.14E+05 4.22E+05 4.28E+05 4.27E+05 4.20E+05 4.08E+05 3.89E+05 3.71E+05 3.50E+05 3.25E+05 3.01E+05 2.75E+05 2.53E+05 2.30E+05 2.11E+05 1.88E+05 1.68E+05 1.53E+05 1.37E+05 1.19E+05 1.03E+05 91594 80671 72671 68731 67971 53294 47034 43552 42219 39665 36044 32266 28248 25501 23933 22557 21134 20372 18700 17793 17819 16566 16800 15954 16175 14984 13879 13867 13410 13448 12435 12763 12554 12741 12338 13098 13537 13650 14959 16012 17954 19942 23436 31002 42019 0 0.00E+00 0.00E+00 0.00E+00 0

360 0 0 0 0 0 0 0 0 0 0 0 0 0 0 0 0 0 0 0 0 0 0 5.12E+05 5.63E+05 6.30E+05 6.88E+05 7.19E+05 7.37E+05 7.39E+05 7.23E+05 6.92E+05 6.56E+05 6.16E+05 5.71E+05 5.23E+05 4.75E+05 4.30E+05 3.84E+05 3.45E+05 3.04E+05 2.75E+05 2.42E+05 2.16E+05 1.87E+05 1.66E+05 1.48E+05 1.27E+05 1.10E+05 94873 84039 78808 64725 57162 51916 47819 44068 40452 37421 33913 30270 27790 25410 24866 22781 20918 19982 20333 19395 17269 17823 16906 15954 15577 15710 14633 14639 13495 13247 13402 13947 13551 17926 24989 16850 17414 18831 19460 22192 29596 41490 0 0.00E+00 0.00E+00 0.00E+00 0 0.00E+00 0.00E+00 0.00E+00 0

350 0 0 0 0 0 0 0 0 0 0 0 0 0 0 0 0 0 0 0 0 3.65E+05 4.62E+05 6.19E+05 7.60E+05 8.59E+05 9.17E+05 9.42E+05 9.40E+05 9.11E+05 8.69E+05 8.14E+05 7.54E+05 6.91E+05 6.24E+05 5.58E+05 5.00E+05 4.39E+05 3.90E+05 3.42E+05 2.97E+05 2.62E+05 2.31E+05 2.05E+05 1.76E+05 1.53E+05 1.36E+05 1.18E+05 1.02E+05 86652 74408 64636 59384 53186 47687 43172 38576 34467 32646 30208 29454 26101 23999 22971 22115 22137 20081 19635 17563 17418 17463 16095 16888 15865 15652 15038 14396 13945 14535 15032 15392 17082 18581 20182 22361 28234 39578 0 0.00E+00 0.00E+00 0.00E+00 0 0.00E+00 0.00E+00 0.00E+00 0 0.00E+00 0.00E+00 0.00E+00 0

340 0 0 0 0 0 0 0 0 0 0 0 0 0 0 0 0 0 0 2.01E+05 2.06E+05 3.04E+05 4.67E+05 6.47E+05 7.85E+05 8.73E+05 9.13E+05 9.33E+05 9.15E+05 8.77E+05 8.27E+05 7.70E+05 7.01E+05 6.39E+05 5.74E+05 5.11E+05 4.52E+05 3.96E+05 3.48E+05 3.07E+05 2.64E+05 2.33E+05 2.05E+05 1.79E+05 1.54E+05 1.37E+05 1.24E+05 1.03E+05 86766 77343 67060 59117 53492 46561 42005 37675 34554 35070 30293 27843 26160 23995 23448 22973 21986 20063 20196 18506 17827 17994 17215 17217 16477 15873 16165 15924 16413 17833 19236 21060 23236 28812 40601 0 0.00E+00 0.00E+00 0.00E+00 0 0.00E+00 0.00E+00 0.00E+00 0 0.00E+00 0.00E+00 0.00E+00 0 0.00E+00 0.00E+00 0.00E+00 0

330 0 0 0 0 0 0 0 0 0 0 0 0 0 0 0 0 1.54E+05 1.02E+05 1.04E+05 1.54E+05 2.56E+05 3.96E+05 5.39E+05 6.44E+05 7.08E+05 7.40E+05 7.44E+05 7.29E+05 6.99E+05 6.56E+05 6.07E+05 5.54E+05 5.02E+05 4.51E+05 4.02E+05 3.55E+05 3.12E+05 2.74E+05 2.41E+05 2.08E+05 1.86E+05 1.66E+05 1.57E+05 1.25E+05 1.08E+05 98769 86179 73525 65793 55860 49156 44622 39808 39063 32777 29782 29025 27598 26850 26071 23925 23084 20920 20182 21173 19351 19182 18559 18637 18668 18438 18269 19448 19724 21395 24070 29981 43339 0 0.00E+00 0.00E+00 0.00E+00 0 0.00E+00 0.00E+00 0.00E+00 0 0.00E+00 0.00E+00 0.00E+00 0 0.00E+00 0.00E+00 0.00E+00 0 0.00E+00 0.00E+00 0.00E+00 0

320 0 0 0 0 0 0 0 0 0 0 0 0 0 0 1.31E+05 82324 61837 56812 71369 1.14E+05 1.85E+05 2.79E+05 3.74E+05 4.44E+05 4.84E+05 5.03E+05 5.03E+05 4.93E+05 4.74E+05 4.43E+05 4.10E+05 3.75E+05 3.43E+05 3.08E+05 2.75E+05 2.44E+05 2.15E+05 1.92E+05 1.75E+05 1.66E+05 1.35E+05 1.20E+05 1.10E+05 93365 83854 78488 65374 56628 49217 44897 42251 36217 33441 32027 29703 27141 26833 24864 23222 22105 21752 21243 20470 20043 19156 19468 19698 19422 20672 22151 22654 24173 28970 42243 0 0.00E+00 0.00E+00 0.00E+00 0 0.00E+00 0.00E+00 0.00E+00 0 0.00E+00 0.00E+00 0.00E+00 0 0.00E+00 0.00E+00 0.00E+00 0 0.00E+00 0.00E+00 0.00E+00 0 0.00E+00 0.00E+00 0.00E+00 0

310 0 0 0 0 0 0 0 0 0 0 0 0 1.02E+05 67619 52223 46285 43280 47813 57287 80307 1.19E+05 1.70E+05 2.19E+05 2.53E+05 2.73E+05 2.83E+05 2.83E+05 2.82E+05 2.65E+05 2.50E+05 2.33E+05 2.15E+05 1.98E+05 1.80E+05 1.61E+05 1.46E+05 1.50E+05 1.19E+05 1.08E+05 95843 88747 81172 78771 62983 56634 53443 48060 42017 37584 34544 32325 30353 29722 26975 23876 21849 20842 22557 20537 19859 19762 19353 18948 18766 19565 20291 22874 24060 27001 36857 0 0.00E+00 0.00E+00 0.00E+00 0 0.00E+00 0.00E+00 0.00E+00 0 0.00E+00 0.00E+00 0.00E+00 0 0.00E+00 0.00E+00 0.00E+00 0 0.00E+00 0.00E+00 0.00E+00 0 0.00E+00 0.00E+00 0.00E+00 0 0.00E+00 0.00E+00 0.00E+00 0

300 0 0 0 0 0 0 0 0 0 0 70777 61825 60097 60112 59060 60719 59767 60748 66877 78723 94865 1.14E+05 1.31E+05 1.44E+05 1.49E+05 1.49E+05 1.47E+05 1.44E+05 1.38E+05 1.30E+05 1.23E+05 1.13E+05 1.07E+05 1.15E+05 89440 81261 77174 70421 67247 63428 57058 53578 50808 44510 40397 37291 34193 32919 29047 28343 24401 22355 21051 20936 19329 17722 16957 16254 16212 16721 17207 17533 19962 18341 20787 27104 0 0.00E+00 0.00E+00 0.00E+00 0 0.00E+00 0.00E+00 0.00E+00 0 0.00E+00 0.00E+00 0.00E+00 0 0.00E+00 0.00E+00 0.00E+00 0 0.00E+00 0.00E+00 0.00E+00 0 0.00E+00 0.00E+00 0.00E+00 0 0.00E+00 0.00E+00 0.00E+00 0 0.00E+00 0.00E+00 0.00E+00 0

290 0 0 0 0 0 0 0 0 41301 53824 65084 73440 75157 75900 72275 67113 64819 63566 64264 71041 80036 92398 1.05E+05 1.10E+05 1.13E+05 1.12E+05 1.10E+05 1.08E+05 1.03E+05 97000 1.03E+05 84884 79441 73556 66614 60766 59587 51209 51123 45914 44151 42109 39183 33580 31152 29857 26744 23605 21106 19460 22010 17334 15984 15547 14501 13907 12570 12706 14881 14148 14352 16057 0 0.00E+00 0.00E+00 0.00E+00 0 0.00E+00 0.00E+00 0.00E+00 0 0.00E+00 0.00E+00 0.00E+00 0 0.00E+00 0.00E+00 0.00E+00 0 0.00E+00 0.00E+00 0.00E+00 0 0.00E+00 0.00E+00 0.00E+00 0 0.00E+00 0.00E+00 0.00E+00 0 0.00E+00 0.00E+00 0.00E+00 0 0.00E+00 0.00E+00 0.00E+00 0

280 0 0 0 0 0 0 6874 14813 27867 42797 54982 60130 60659 57392 54323 51802 47983 45262 47640 54755 62383 74544 86127 93546 98013 98354 99179 1.01E+05 94692 87448 82711 76680 70681 67706 58873 53996 50990 46673 47189 41985 39405 38031 39645 30133 27357 25418 25058 22402 19083 17505 16765 15795 14678 13708 13984 12519 11637 11211 0 0.00E+00 0.00E+00 0.00E+00 0 0.00E+00 0.00E+00 0.00E+00 0 0.00E+00 0.00E+00 0.00E+00 0 0.00E+00 0.00E+00 0.00E+00 0 0.00E+00 0.00E+00 0.00E+00 0 0.00E+00 0.00E+00 0.00E+00 0 0.00E+00 0.00E+00 0.00E+00 0 0.00E+00 0.00E+00 0.00E+00 0 0.00E+00 0.00E+00 0.00E+00 0 0.00E+00 0.00E+00 0.00E+00 0

270 0 0 0 0 494 1254 3685 8885 16768 25230 32897 37013 37555 37754 36710 35003 33952 35007 36052 41303 49591 61211 71488 77781 83335 87994 84101 83030 80135 74208 73255 66558 61244 57029 52597 48536 45042 43310 45170 41339 36471 34228 33280 32544 25847 25030 22141 20963 18791 16987 16596 16389 14287 13986 0 0.00E+00 0.00E+00 0.00E+00 0 0.00E+00 0.00E+00 0.00E+00 0 0.00E+00 0.00E+00 0.00E+00 0 0.00E+00 0.00E+00 0.00E+00 0 0.00E+00 0.00E+00 0.00E+00 0 0.00E+00 0.00E+00 0.00E+00 0 0.00E+00 0.00E+00 0.00E+00 0 0.00E+00 0.00E+00 0.00E+00 0 0.00E+00 0.00E+00 0.00E+00 0 0.00E+00 0.00E+00 0.00E+00 0 0.00E+00 0.00E+00 0.00E+00 0

260 0 0 110 166 326 792 2497 5298 9485 13591 17817 21608 21972 23468 24632 23799 24537 25062 27319 31948 36755 45252 65886 57320 57885 60590 60426 61310 57177 53490 52145 49420 46143 43528 41472 40522 37742 34800 38134 35484 32078 30913 29705 25762 24157 23094 21233 23858 17366 17106 0 0.00E+00 0.00E+00 0.00E+00 0 0.00E+00 0.00E+00 0.00E+00 0 0.00E+00 0.00E+00 0.00E+00 0 0.00E+00 0.00E+00 0.00E+00 0 0.00E+00 0.00E+00 0.00E+00 0 0.00E+00 0.00E+00 0.00E+00 0 0.00E+00 0.00E+00 0.00E+00 0 0.00E+00 0.00E+00 0.00E+00 0 0.00E+00 0.00E+00 0.00E+00 0 0.00E+00 0.00E+00 0.00E+00 0 0.00E+00 0.00E+00 0.00E+00 0 0.00E+00 0.00E+00 0.00E+00 0

250 86 88 62 138 276 712 1839 3651 5815 8977 11452 13724 16302 16840 18359 19654 20414 21108 24050 42797 29310 32264 37127 36751 40902 38344 38606 39521 39330 35813 36129 35786 37976 32858 30155 30177 34465 29722 33370 28780 27776 26765 28252 28806 22335 21580 0 0.00E+00 0.00E+00 0.00E+00 0 0.00E+00 0.00E+00 0.00E+00 0 0.00E+00 0.00E+00 0.00E+00 0 0.00E+00 0.00E+00 0.00E+00 0 0.00E+00 0.00E+00 0.00E+00 0 0.00E+00 0.00E+00 0.00E+00 0 0.00E+00 0.00E+00 0.00E+00 0 0.00E+00 0.00E+00 0.00E+00 0 0.00E+00 0.00E+00 0.00E+00 0 0.00E+00 0.00E+00 0.00E+00 0 0.00E+00 0.00E+00 0.00E+00 0 0.00E+00 0.00E+00 0.00E+00 0 0.00E+00 0.00E+00 0.00E+00 0
