260 265 270 275 280 285 290 295 300 305 310 315 320 325 330 335 340 345 350 355 360 365 370 375 380 385 390 395 400 405 410 415 420 425 430 435 440 445 450 455 460 465 470 475 480 485 490 495 500 505 510 515 520 525 530 535 540 545 550 555 560 565 570 575 580 585 590 595 600 605 610 615 620 625 630 635 640 645 650 655 660 665 670 675 680 685 690 695 700 705 710 715 720 725 730 735 740 745 750
520 0 0 0 0 0 0 0 0 0 0 0 0 0 0 0 0 0 0 0 0 0 0 0 0 0 0 0 0 0 0 0 0 0 0 0 0 0 0 0 0 0 0 0 0 0 0 0 0 0 0 0 0 0 0 2.34E+06 1.67E+06 1.39E+06 1.24E+06 1.17E+06 1.12E+06 1.09E+06 1.06E+06 1.04E+06 1.01E+06 9.56E+05 8.80E+05 8.09E+05 7.42E+05 6.83E+05 6.31E+05 5.80E+05 5.33E+05 4.84E+05 4.38E+05 3.95E+05 3.54E+05 3.16E+05 2.88E+05 2.60E+05 2.32E+05 2.12E+05 1.90E+05 1.71E+05 1.56E+05 1.44E+05 1.31E+05 1.20E+05 1.14E+05 1.01E+05 97594 86710 81614 73824 72760 74796 77281 91098 89386 82411
510 0 0 0 0 0 0 0 0 0 0 0 0 0 0 0 0 0 0 0 0 0 0 0 0 0 0 0 0 0 0 0 0 0 0 0 0 0 0 0 0 0 0 0 0 0 0 0 0 0 0 0 0 2.53E+06 1.85E+06 1.58E+06 1.44E+06 1.37E+06 1.35E+06 1.33E+06 1.31E+06 1.28E+06 1.25E+06 1.18E+06 1.08E+06 1.01E+06 9.34E+05 8.66E+05 8.07E+05 7.46E+05 6.85E+05 6.26E+05 5.67E+05 5.16E+05 4.66E+05 4.17E+05 3.75E+05 3.38E+05 3.05E+05 2.79E+05 2.43E+05 2.18E+05 2.03E+05 1.79E+05 1.65E+05 1.53E+05 1.40E+05 1.33E+05 1.14E+05 1.03E+05 95795 90929 88328 79817 82277 76542 85537 91422 90018 91492
500 0 0 0 0 0 0 0 0 0 0 0 0 0 0 0 0 0 0 0 0 0 0 0 0 0 0 0 0 0 0 0 0 0 0 0 0 0 0 0 0 0 0 0 0 0 0 0 0 0 0 2.73E+06 2.07E+06 1.81E+06 1.69E+06 1.63E+06 1.62E+06 1.62E+06 1.61E+06 1.59E+06 1.55E+06 1.47E+06 1.35E+06 1.26E+06 1.17E+06 1.09E+06 1.02E+06 9.46E+05 8.73E+05 7.98E+05 7.28E+05 6.59E+05 6.00E+05 5.39E+05 4.85E+05 4.37E+05 3.96E+05 3.52E+05 3.14E+05 2.84E+05 2.53E+05 2.27E+05 2.05E+05 1.91E+05 1.75E+05 1.53E+05 1.40E+05 1.26E+05 1.17E+05 1.10E+05 1.03E+05 1.02E+05 85014 79275 74800 83948 1.08E+05 1.01E+05 1.05E+05 92689
490 0 0 0 0 0 0 0 0 0 0 0 0 0 0 0 0 0 0 0 0 0 0 0 0 0 0 0 0 0 0 0 0 0 0 0 0 0 0 0 0 0 0 0 0 0 0 0 0 3.03E+06 2.33E+06 2.07E+06 1.96E+06 1.91E+06 1.91E+06 1.92E+06 1.91E+06 1.90E+06 1.85E+06 1.76E+06 1.65E+06 1.53E+06 1.42E+06 1.33E+06 1.24E+06 1.15E+06 1.06E+06 9.80E+05 9.02E+05 8.19E+05 7.44E+05 6.69E+05 6.08E+05 5.47E+05 4.97E+05 4.39E+05 3.93E+05 3.56E+05 3.14E+05 2.83E+05 2.59E+05 2.30E+05 2.07E+05 1.84E+05 1.67E+05 1.51E+05 1.42E+05 1.36E+05 1.31E+05 1.07E+05 96244 88733 85247 92797 85792 1.09E+05 1.14E+05 1.03E+05 1.04E+05 82262
480 0 0 0 0 0 0 0 0 0 0 0 0 0 0 0 0 0 0 0 0 0 0 0 0 0 0 0 0 0 0 0 0 0 0 0 0 0 0 0 0 0 0 0 0 0 0 3.46E+06 2.73E+06 2.43E+06 2.33E+06 2.30E+06 2.32E+06 2.34E+06 2.35E+06 2.34E+06 2.30E+06 2.20E+06 2.08E+06 1.96E+06 1.83E+06 1.72E+06 1.60E+06 1.48E+06 1.37E+06 1.26E+06 1.16E+06 1.06E+06 9.71E+05 8.80E+05 7.98E+05 7.29E+05 6.50E+05 5.84E+05 5.27E+05 4.69E+05 4.19E+05 3.76E+05 3.35E+05 3.10E+05 2.67E+05 2.40E+05 2.13E+05 1.99E+05 1.91E+05 1.78E+05 1.51E+05 1.37E+05 1.21E+05 1.11E+05 1.15E+05 1.05E+05 1.11E+05 1.03E+05 1.00E+05 1.27E+05 1.16E+05 1.08E+05 93099 85690
470 0 0 0 0 0 0 0 0 0 0 0 0 0 0 0 0 0 0 0 0 0 0 0 0 0 0 0 0 0 0 0 0 0 0 0 0 0 0 0 0 0 0 0 0 4.29E+06 3.62E+06 3.36E+06 3.24E+06 3.20E+06 3.24E+06 3.28E+06 3.32E+06 3.34E+06 3.30E+06 3.19E+06 3.07E+06 2.92E+06 2.77E+06 2.61E+06 2.44E+06 2.28E+06 2.11E+06 1.94E+06 1.78E+06 1.64E+06 1.50E+06 1.37E+06 1.25E+06 1.14E+06 1.02E+06 9.21E+05 8.30E+05 7.41E+05 6.63E+05 6.01E+05 5.42E+05 4.72E+05 4.23E+05 3.76E+05 3.41E+05 3.21E+05 2.86E+05 2.54E+05 2.28E+05 2.01E+05 1.87E+05 1.89E+05 1.67E+05 1.70E+05 1.56E+05 1.38E+05 1.53E+05 1.24E+05 1.33E+05 1.45E+05 1.42E+05 1.30E+05 1.30E+05 1.10E+05
460 0 0 0 0 0 0 0 0 0 0 0 0 0 0 0 0 0 0 0 0 0 0 0 0 0 0 0 0 0 0 0 0 0 0 0 0 0 0 0 0 0 0 3.87E+06 3.03E+06 2.86E+06 2.91E+06 2.94E+06 2.96E+06 2.98E+06 3.03E+06 3.06E+06 3.04E+06 2.97E+06 2.87E+06 2.76E+06 2.65E+06 2.51E+06 2.38E+06 2.23E+06 2.08E+06 1.92E+06 1.77E+06 1.63E+06 1.49E+06 1.36E+06 1.26E+06 1.14E+06 1.03E+06 9.40E+05 8.48E+05 7.66E+05 6.99E+05 6.25E+05 5.61E+05 4.98E+05 4.47E+05 4.05E+05 3.74E+05 3.39E+05 3.14E+05 2.70E+05 2.40E+05 2.19E+05 2.16E+05 2.00E+05 1.96E+05 1.77E+05 1.55E+05 1.62E+05 1.34E+05 1.30E+05 1.26E+05 1.28E+05 1.41E+05 1.66E+05 1.46E+05 1.28E+05 1.16E+05 1.08E+05
450 0 0 0 0 0 0 0 0 0 0 0 0 0 0 0 0 0 0 0 0 0 0 0 0 0 0 0 0 0 0 0 0 0 0 0 0 0 0 0 0 3.80E+06 3.05E+06 2.90E+06 2.90E+06 3.05E+06 3.26E+06 3.35E+06 3.38E+06 3.38E+06 3.37E+06 3.31E+06 3.24E+06 3.15E+06 3.05E+06 2.93E+06 2.80E+06 2.64E+06 2.49E+06 2.31E+06 2.15E+06 1.98E+06 1.82E+06 1.67E+06 1.53E+06 1.39E+06 1.27E+06 1.17E+06 1.06E+06 9.65E+05 8.71E+05 7.98E+05 7.11E+05 6.38E+05 5.73E+05 5.25E+05 4.82E+05 4.57E+05 3.88E+05 3.48E+05 3.13E+05 2.96E+05 2.84E+05 2.65E+05 2.44E+05 2.19E+05 2.20E+05 1.86E+05 1.72E+05 1.65E+05 1.57E+05 1.53E+05 1.69E+05 1.62E+05 1.67E+05 1.69E+05 1.61E+05 1.55E+05 1.45E+05 1.24E+05
440 0 0 0 0 0 0 0 0 0 0 0 0 0 0 0 0 0 0 0 0 0 0 0 0 0 0 0 0 0 0 0 0 0 0 0 0 0 0 3.61E+06 2.77E+06 2.61E+06 2.68E+06 2.83E+06 2.98E+06 3.16E+06 3.35E+06 3.41E+06 3.35E+06 3.26E+06 3.17E+06 3.10E+06 3.01E+06 2.92E+06 2.81E+06 2.68E+06 2.54E+06 2.39E+06 2.23E+06 2.08E+06 1.92E+06 1.78E+06 1.62E+06 1.48E+06 1.36E+06 1.24E+06 1.13E+06 1.04E+06 9.44E+05 8.47E+05 7.65E+05 6.94E+05 6.33E+05 5.84E+05 5.58E+05 4.70E+05 4.22E+05 3.82E+05 3.58E+05 3.38E+05 3.11E+05 2.85E+05 2.59E+05 2.51E+05 2.17E+05 1.95E+05 1.86E+05 1.72E+05 1.64E+05 1.66E+05 1.52E+05 1.47E+05 1.46E+05 1.61E+05 1.62E+05 1.62E+05 1.43E+05 1.28E+05 1.18E+05 1.06E+05
430 0 0 0 0 0 0 0 0 0 0 0 0 0 0 0 0 0 0 0 0 0 0 0 0 0 0 0 0 0 0 0 0 0 0 0 0 3.54E+06 2.78E+06 2.66E+06 2.67E+06 2.81E+06 3.02E+06 3.22E+06 3.36E+06 3.49E+06 3.59E+06 3.56E+06 3.44E+06 3.31E+06 3.21E+06 3.10E+06 2.99E+06 2.87E+06 2.74E+06 2.61E+06 2.45E+06 2.29E+06 2.15E+06 1.99E+06 1.83E+06 1.68E+06 1.54E+06 1.41E+06 1.30E+06 1.19E+06 1.08E+06 9.85E+05 8.97E+05 8.23E+05 7.66E+05 7.27E+05 6.17E+05 5.54E+05 5.00E+05 4.56E+05 4.28E+05 3.88E+05 3.52E+05 3.19E+05 3.02E+05 2.65E+05 2.42E+05 2.25E+05 2.03E+05 1.89E+05 1.83E+05 1.65E+05 1.54E+05 1.45E+05 1.46E+05 1.39E+05 1.46E+05 1.53E+05 1.51E+05 1.39E+05 1.26E+05 1.13E+05 1.03E+05 98450
420 0 0 0 0 0 0 0 0 0 0 0 0 0 0 0 0 0 0 0 0 0 0 0 0 0 0 0 0 0 0 0 0 0 0 3.56E+06 2.83E+06 2.69E+06 2.76E+06 2.93E+06 3.11E+06 3.32E+06 3.54E+06 3.72E+06 3.79E+06 3.84E+06 3.89E+06 3.82E+06 3.66E+06 3.51E+06 3.36E+06 3.23E+06 3.09E+06 2.95E+06 2.81E+06 2.65E+06 2.50E+06 2.32E+06 2.16E+06 2.00E+06 1.85E+06 1.69E+06 1.55E+06 1.43E+06 1.30E+06 1.19E+06 1.09E+06 1.03E+06 9.63E+05 8.44E+05 7.61E+05 6.89E+05 6.36E+05 5.99E+05 5.49E+05 4.95E+05 4.47E+05 4.18E+05 3.65E+05 3.28E+05 3.02E+05 2.71E+05 2.54E+05 2.31E+05 2.09E+05 1.96E+05 1.87E+05 1.94E+05 1.83E+05 1.60E+05 1.50E+05 1.49E+05 1.56E+05 1.56E+05 1.48E+05 1.38E+05 1.28E+05 1.20E+05 1.11E+05 1.09E+05
410 0 0 0 0 0 0 0 0 0 0 0 0 0 0 0 0 0 0 0 0 0 0 0 0 0 0 0 0 0 0 0 0 3.30E+06 2.57E+06 2.44E+06 2.55E+06 2.73E+06 2.95E+06 3.20E+06 3.40E+06 3.58E+06 3.72E+06 3.82E+06 3.85E+06 3.86E+06 3.88E+06 3.77E+06 3.60E+06 3.42E+06 3.25E+06 3.09E+06 2.94E+06 2.81E+06 2.65E+06 2.49E+06 2.34E+06 2.17E+06 2.02E+06 1.87E+06 1.72E+06 1.58E+06 1.44E+06 1.33E+06 1.23E+06 1.16E+06 1.04E+06 9.45E+05 8.60E+05 7.93E+05 7.51E+05 6.89E+05 6.33E+05 5.77E+05 5.37E+05 4.79E+05 4.35E+05 4.03E+05 3.69E+05 3.58E+05 3.18E+05 2.88E+05 2.66E+05 2.57E+05 2.45E+05 2.33E+05 2.08E+05 1.91E+05 1.73E+05 1.63E+05 1.57E+05 1.62E+05 1.79E+05 1.76E+05 1.61E+05 1.50E+05 1.41E+05 1.32E+05 1.27E+05 1.24E+05
400 0 0 0 0 0 0 0 0 0 0 0 0 0 0 0 0 0 0 0 0 0 0 0 0 0 0 0 0 0 0 3.20E+06 2.50E+06 2.38E+06 2.47E+06 2.67E+06 2.93E+06 3.19E+06 3.45E+06 3.69E+06 3.81E+06 3.92E+06 3.98E+06 4.02E+06 4.01E+06 3.97E+06 3.97E+06 3.82E+06 3.61E+06 3.41E+06 3.22E+06 3.05E+06 2.88E+06 2.72E+06 2.57E+06 2.42E+06 2.26E+06 2.11E+06 1.95E+06 1.80E+06 1.66E+06 1.54E+06 1.45E+06 1.32E+06 1.19E+06 1.09E+06 1.02E+06 9.61E+05 8.89E+05 8.22E+05 7.61E+05 6.97E+05 6.38E+05 5.93E+05 5.52E+05 5.13E+05 4.96E+05 4.44E+05 4.11E+05 3.76E+05 3.39E+05 2.99E+05 2.66E+05 2.49E+05 2.38E+05 2.21E+05 2.13E+05 2.04E+05 1.96E+05 1.92E+05 1.91E+05 2.06E+05 2.18E+05 2.11E+05 1.97E+05 1.87E+05 1.80E+05 1.73E+05 1.70E+05 1.75E+05
390 0 0 0 0 0 0 0 0 0 0 0 0 0 0 0 0 0 0 0 0 0 0 0 0 0 0 0 0 3.83E+06 2.93E+06 2.62E+06 2.61E+06 2.73E+06 2.94E+06 3.19E+06 3.45E+06 3.68E+06 3.85E+06 3.97E+06 4.03E+06 4.06E+06 4.07E+06 4.06E+06 3.99E+06 3.91E+06 3.84E+06 3.66E+06 3.44E+06 3.20E+06 3.00E+06 2.83E+06 2.65E+06 2.50E+06 2.34E+06 2.20E+06 2.05E+06 1.91E+06 1.78E+06 1.68E+06 1.59E+06 1.42E+06 1.31E+06 1.21E+06 1.14E+06 1.06E+06 9.86E+05 9.22E+05 8.49E+05 7.81E+05 7.22E+05 6.73E+05 6.20E+05 5.81E+05 5.03E+05 4.50E+05 4.11E+05 3.94E+05 3.62E+05 3.21E+05 3.03E+05 2.81E+05 2.60E+05 2.44E+05 2.32E+05 2.27E+05 2.30E+05 2.20E+05 2.18E+05 2.15E+05 2.23E+05 2.38E+05 2.44E+05 2.33E+05 2.23E+05 2.23E+05 2.32E+05 2.32E+05 2.43E+05 2.59E+05
380 0 0 0 0 0 0 0 0 0 0 0 0 0 0 0 0 0 0 0 0 0 0 0 0 0 0 3.08E+06 2.48E+06 2.44E+06 2.60E+06 2.87E+06 3.15E+06 3.43E+06 3.67E+06 3.89E+06 4.06E+06 4.17E+06 4.24E+06 4.27E+06 4.25E+06 4.21E+06 4.17E+06 4.10E+06 3.97E+06 3.85E+06 3.76E+06 3.54E+06 3.28E+06 3.06E+06 2.85E+06 2.67E+06 2.51E+06 2.34E+06 2.19E+06 2.06E+06 1.94E+06 1.88E+06 1.68E+06 1.55E+06 1.44E+06 1.35E+06 1.25E+06 1.15E+06 1.07E+06 9.77E+05 8.90E+05 8.09E+05 7.31E+05 6.68E+05 6.21E+05 5.64E+05 5.17E+05 4.80E+05 4.52E+05 4.19E+05 3.82E+05 3.55E+05 3.20E+05 2.92E+05 2.71E+05 2.57E+05 2.49E+05 2.43E+05 2.36E+05 2.31E+05 2.32E+05 2.30E+05 2.25E+05 2.27E+05 2.45E+05 2.67E+05 2.84E+05 2.79E+05 2.84E+05 2.99E+05 3.36E+05 4.18E+05 5.56E+05 0.00E+00
370 0 0 0 0 0 0 0 0 0 0 0 0 0 0 0 0 0 0 0 0 0 0 0 0 3.05E+06 2.58E+06 2.41E+06 2.61E+06 2.91E+06 3.23E+06 3.56E+06 3.82E+06 4.06E+06 4.21E+06 4.33E+06 4.38E+06 4.42E+06 4.39E+06 4.35E+06 4.27E+06 4.16E+06 4.08E+06 3.99E+06 3.79E+06 3.63E+06 3.52E+06 3.30E+06 3.04E+06 2.80E+06 2.60E+06 2.42E+06 2.27E+06 2.12E+06 2.06E+06 1.83E+06 1.69E+06 1.57E+06 1.48E+06 1.36E+06 1.25E+06 1.16E+06 1.05E+06 9.51E+05 8.75E+05 8.06E+05 7.54E+05 6.99E+05 6.38E+05 5.86E+05 5.51E+05 5.13E+05 4.72E+05 4.48E+05 4.18E+05 3.80E+05 3.45E+05 3.16E+05 2.95E+05 2.91E+05 2.68E+05 2.61E+05 2.59E+05 2.56E+05 2.53E+05 2.55E+05 2.59E+05 2.63E+05 2.80E+05 2.95E+05 3.30E+05 3.63E+05 4.06E+05 4.79E+05 6.30E+05 0.00E+00 0.00E+00 0.00E+00 0.00E+00 0.00E+00
360 0 0 0 0 0 0 0 0 0 0 0 0 0 0 0 0 0 0 0 0 0 0 2.99E+06 2.32E+06 2.24E+06 2.57E+06 2.76E+06 3.04E+06 3.39E+06 3.68E+06 3.94E+06 4.11E+06 4.24E+06 4.31E+06 4.33E+06 4.33E+06 4.29E+06 4.21E+06 4.12E+06 3.99E+06 3.87E+06 3.73E+06 3.60E+06 3.40E+06 3.23E+06 3.11E+06 2.88E+06 2.63E+06 2.41E+06 2.25E+06 2.17E+06 1.94E+06 1.79E+06 1.65E+06 1.57E+06 1.45E+06 1.35E+06 1.27E+06 1.16E+06 1.06E+06 9.81E+05 9.08E+05 8.46E+05 7.82E+05 7.16E+05 6.65E+05 6.31E+05 5.85E+05 5.37E+05 5.13E+05 4.67E+05 4.30E+05 4.04E+05 3.79E+05 3.53E+05 3.34E+05 3.11E+05 3.00E+05 2.94E+05 2.88E+05 2.86E+05 3.27E+05 4.54E+05 4.34E+05 3.63E+05 3.39E+05 3.51E+05 3.92E+05 4.88E+05 6.69E+05 0.00E+00 0.00E+00 0.00E+00 0.00E+00 0.00E+00 0.00E+00 0.00E+00 0.00E+00 0.00E+00
350 0 0 0 0 0 0 0 0 0 0 0 0 0 0 0 0 0 0 0 0 2.72E+06 2.10E+06 2.01E+06 2.14E+06 2.34E+06 2.69E+06 3.06E+06 3.21E+06 3.47E+06 3.66E+06 3.81E+06 3.91E+06 3.96E+06 3.97E+06 3.94E+06 3.89E+06 3.81E+06 3.72E+06 3.59E+06 3.45E+06 3.32E+06 3.20E+06 3.06E+06 2.88E+06 2.72E+06 2.60E+06 2.42E+06 2.28E+06 2.03E+06 1.85E+06 1.72E+06 1.62E+06 1.50E+06 1.38E+06 1.31E+06 1.20E+06 1.12E+06 1.05E+06 9.78E+05 9.22E+05 8.51E+05 7.85E+05 7.25E+05 6.82E+05 6.37E+05 5.94E+05 5.65E+05 5.15E+05 4.75E+05 4.42E+05 4.19E+05 4.10E+05 3.79E+05 3.48E+05 3.26E+05 3.11E+05 2.94E+05 2.89E+05 2.86E+05 2.88E+05 3.09E+05 3.28E+05 3.45E+05 3.86E+05 4.66E+05 6.35E+05 0.00E+00 0.00E+00 0.00E+00 0.00E+00 0.00E+00 0.00E+00 0.00E+00 0.00E+00 0.00E+00 0.00E+00 0.00E+00 0.00E+00 0.00E+00
340 0 0 0 0 0 0 0 0 0 0 0 0 0 0 0 0 0 0 2.25E+06 1.69E+06 1.59E+06 1.70E+06 1.87E+06 2.07E+06 2.28E+06 2.49E+06 2.84E+06 2.88E+06 3.03E+06 3.14E+06 3.23E+06 3.27E+06 3.28E+06 3.25E+06 3.22E+06 3.16E+06 3.07E+06 2.96E+06 2.87E+06 2.75E+06 2.65E+06 2.55E+06 2.43E+06 2.28E+06 2.21E+06 2.12E+06 1.91E+06 1.73E+06 1.60E+06 1.48E+06 1.38E+06 1.31E+06 1.20E+06 1.10E+06 1.03E+06 9.64E+05 9.26E+05 8.62E+05 8.08E+05 7.64E+05 7.18E+05 6.71E+05 6.43E+05 5.92E+05 5.43E+05 5.09E+05 4.82E+05 4.58E+05 4.36E+05 4.06E+05 3.85E+05 3.71E+05 3.43E+05 3.24E+05 3.09E+05 2.99E+05 3.15E+05 3.30E+05 3.46E+05 3.78E+05 4.52E+05 6.16E+05 0.00E+00 0.00E+00 0.00E+00 0.00E+00 0.00E+00 0.00E+00 0.00E+00 0.00E+00 0.00E+00 0.00E+00 0.00E+00 0.00E+00 0.00E+00 0.00E+00 0.00E+00 0.00E+00 0.00E+00
330 0 0 0 0 0 0 0 0 0 0 0 0 0 0 0 0 1.84E+06 1.29E+06 1.16E+06 1.22E+06 1.36E+06 1.53E+06 1.69E+06 1.81E+06 1.93E+06 2.04E+06 2.15E+06 2.24E+06 2.32E+06 2.38E+06 2.41E+06 2.42E+06 2.44E+06 2.38E+06 2.35E+06 2.30E+06 2.23E+06 2.16E+06 2.11E+06 2.00E+06 1.96E+06 1.94E+06 1.96E+06 1.69E+06 1.59E+06 1.55E+06 1.44E+06 1.32E+06 1.24E+06 1.13E+06 1.05E+06 9.87E+05 9.28E+05 8.85E+05 8.05E+05 7.54E+05 7.25E+05 7.02E+05 6.67E+05 6.47E+05 5.95E+05 5.58E+05 5.26E+05 4.96E+05 4.90E+05 4.50E+05 4.26E+05 4.08E+05 3.91E+05 3.76E+05 3.61E+05 3.40E+05 3.38E+05 3.42E+05 3.47E+05 3.68E+05 4.27E+05 5.82E+05 0.00E+00 0.00E+00 0.00E+00 0.00E+00 0.00E+00 0.00E+00 0.00E+00 0.00E+00 0.00E+00 0.00E+00 0.00E+00 0.00E+00 0.00E+00 0.00E+00 0.00E+00 0.00E+00 0.00E+00 0.00E+00 0.00E+00 0.00E+00 0.00E+00
320 0 0 0 0 0 0 0 0 0 0 0 0 0 0 1.46E+06 9.85E+05 8.27E+05 8.17E+05 8.91E+05 1.04E+06 1.18E+06 1.29E+06 1.39E+06 1.45E+06 1.49E+06 1.53E+06 1.58E+06 1.62E+06 1.65E+06 1.68E+06 1.70E+06 1.69E+06 1.69E+06 1.67E+06 1.64E+06 1.62E+06 1.58E+06 1.53E+06 1.54E+06 1.61E+06 1.43E+06 1.40E+06 1.37E+06 1.27E+06 1.20E+06 1.19E+06 1.08E+06 9.93E+05 9.22E+05 8.61E+05 8.25E+05 7.69E+05 7.26E+05 6.93E+05 6.54E+05 6.10E+05 5.91E+05 5.58E+05 5.38E+05 5.19E+05 5.05E+05 4.89E+05 4.53E+05 4.33E+05 4.16E+05 3.99E+05 3.86E+05 3.74E+05 3.73E+05 3.73E+05 3.67E+05 3.60E+05 3.98E+05 5.16E+05 0.00E+00 0.00E+00 0.00E+00 0.00E+00 0.00E+00 0.00E+00 0.00E+00 0.00E+00 0.00E+00 0.00E+00 0.00E+00 0.00E+00 0.00E+00 0.00E+00 0.00E+00 0.00E+00 0.00E+00 0.00E+00 0.00E+00 0.00E+00 0.00E+00 0.00E+00 0.00E+00 0.00E+00 0.00E+00
310 0 0 0 0 0 0 0 0 0 0 0 0 1.01E+06 7.01E+05 5.86E+05 5.61E+05 5.86E+05 6.53E+05 7.40E+05 8.48E+05 9.38E+05 1.01E+06 1.04E+06 1.05E+06 1.06E+06 1.06E+06 1.09E+06 1.14E+06 1.13E+06 1.15E+06 1.17E+06 1.17E+06 1.17E+06 1.16E+06 1.14E+06 1.15E+06 1.28E+06 1.11E+06 1.09E+06 1.08E+06 1.08E+06 1.05E+06 1.06E+06 9.44E+05 8.98E+05 8.75E+05 8.26E+05 7.73E+05 7.09E+05 6.70E+05 6.44E+05 6.09E+05 6.03E+05 5.53E+05 5.15E+05 4.77E+05 4.58E+05 4.73E+05 4.44E+05 4.34E+05 4.22E+05 4.08E+05 3.92E+05 3.79E+05 3.71E+05 3.71E+05 3.88E+05 3.74E+05 3.86E+05 4.53E+05 0.00E+00 0.00E+00 0.00E+00 0.00E+00 0.00E+00 0.00E+00 0.00E+00 0.00E+00 0.00E+00 0.00E+00 0.00E+00 0.00E+00 0.00E+00 0.00E+00 0.00E+00 0.00E+00 0.00E+00 0.00E+00 0.00E+00 0.00E+00 0.00E+00 0.00E+00 0.00E+00 0.00E+00 0.00E+00 0.00E+00 0.00E+00 0.00E+00 0.00E+00
300 0 0 0 0 0 0 0 0 0 0 5.76E+05 4.59E+05 4.25E+05 4.32E+05 4.54E+05 4.88E+05 5.20E+05 5.57E+05 6.18E+05 6.84E+05 7.15E+05 7.38E+05 7.41E+05 7.30E+05 7.39E+05 7.23E+05 7.32E+05 7.60E+05 7.67E+05 7.71E+05 7.80E+05 7.80E+05 7.99E+05 9.42E+05 7.89E+05 7.74E+05 7.92E+05 7.87E+05 7.92E+05 8.01E+05 7.85E+05 7.77E+05 7.68E+05 7.01E+05 6.70E+05 6.53E+05 6.20E+05 5.87E+05 5.48E+05 5.33E+05 4.87E+05 4.63E+05 4.41E+05 4.38E+05 4.08E+05 3.75E+05 3.52E+05 3.46E+05 3.51E+05 3.51E+05 3.46E+05 3.48E+05 3.69E+05 3.37E+05 3.40E+05 3.82E+05 0.00E+00 0.00E+00 0.00E+00 0.00E+00 0.00E+00 0.00E+00 0.00E+00 0.00E+00 0.00E+00 0.00E+00 0.00E+00 0.00E+00 0.00E+00 0.00E+00 0.00E+00 0.00E+00 0.00E+00 0.00E+00 0.00E+00 0.00E+00 0.00E+00 0.00E+00 0.00E+00 0.00E+00 0.00E+00 0.00E+00 0.00E+00 0.00E+00 0.00E+00 0.00E+00 0.00E+00 0.00E+00 0.00E+00
290 0 0 0 0 0 0 0 0 2.92E+05 3.39E+05 3.98E+05 4.51E+05 4.83E+05 5.06E+05 5.10E+05 5.10E+05 5.09E+05 5.14E+05 5.17E+05 5.43E+05 5.48E+05 5.51E+05 5.53E+05 5.26E+05 5.19E+05 5.16E+05 5.19E+05 5.41E+05 5.39E+05 5.53E+05 6.83E+05 5.81E+05 5.66E+05 5.66E+05 5.74E+05 5.63E+05 5.96E+05 5.66E+05 5.90E+05 5.88E+05 5.97E+05 6.00E+05 5.88E+05 5.25E+05 5.04E+05 5.18E+05 4.82E+05 4.42E+05 3.99E+05 3.85E+05 3.98E+05 3.53E+05 3.39E+05 3.20E+05 3.04E+05 2.91E+05 2.66E+05 2.63E+05 3.05E+05 2.87E+05 2.88E+05 3.01E+05 0.00E+00 0.00E+00 0.00E+00 0.00E+00 0.00E+00 0.00E+00 0.00E+00 0.00E+00 0.00E+00 0.00E+00 0.00E+00 0.00E+00 0.00E+00 0.00E+00 0.00E+00 0.00E+00 0.00E+00 0.00E+00 0.00E+00 0.00E+00 0.00E+00 0.00E+00 0.00E+00 0.00E+00 0.00E+00 0.00E+00 0.00E+00 0.00E+00 0.00E+00 0.00E+00 0.00E+00 0.00E+00 0.00E+00 0.00E+00 0.00E+00 0.00E+00 0.00E+00
280 0 0 0 0 0 0 51370 94888 1.66E+05 2.48E+05 3.17E+05 3.62E+05 3.85E+05 3.90E+05 3.90E+05 3.89E+05 3.80E+05 3.75E+05 3.86E+05 4.19E+05 4.13E+05 4.18E+05 4.22E+05 4.12E+05 4.12E+05 4.09E+05 4.27E+05 5.20E+05 4.99E+05 4.51E+05 4.63E+05 4.78E+05 4.74E+05 4.96E+05 4.72E+05 4.70E+05 4.84E+05 4.80E+05 5.20E+05 5.10E+05 5.17E+05 5.22E+05 5.65E+05 4.63E+05 4.30E+05 4.22E+05 4.30E+05 3.99E+05 3.48E+05 3.30E+05 3.17E+05 3.07E+05 2.94E+05 2.81E+05 3.02E+05 2.67E+05 2.44E+05 2.32E+05 0.00E+00 0.00E+00 0.00E+00 0.00E+00 0.00E+00 0.00E+00 0.00E+00 0.00E+00 0.00E+00 0.00E+00 0.00E+00 0.00E+00 0.00E+00 0.00E+00 0.00E+00 0.00E+00 0.00E+00 0.00E+00 0.00E+00 0.00E+00 0.00E+00 0.00E+00 0.00E+00 0.00E+00 0.00E+00 0.00E+00 0.00E+00 0.00E+00 0.00E+00 0.00E+00 0.00E+00 0.00E+00 0.00E+00 0.00E+00 0.00E+00 0.00E+00 0.00E+00 0.00E+00 0.00E+00 0.00E+00 0.00E+00
270 0 0 0 0 4318 9519 23462 54255 1.03E+05 1.55E+05 2.01E+05 2.34E+05 2.60E+05 2.78E+05 2.80E+05 2.83E+05 2.94E+05 3.06E+05 3.12E+05 3.41E+05 3.53E+05 3.64E+05 3.70E+05 3.69E+05 4.13E+05 4.50E+05 3.85E+05 4.01E+05 4.24E+05 4.12E+05 4.43E+05 4.24E+05 4.32E+05 4.31E+05 4.39E+05 4.39E+05 4.49E+05 4.53E+05 5.08E+05 5.19E+05 4.88E+05 4.84E+05 4.88E+05 4.72E+05 4.07E+05 4.02E+05 3.82E+05 3.63E+05 3.33E+05 3.14E+05 3.29E+05 3.17E+05 2.86E+05 2.79E+05 0.00E+00 0.00E+00 0.00E+00 0.00E+00 0.00E+00 0.00E+00 0.00E+00 0.00E+00 0.00E+00 0.00E+00 0.00E+00 0.00E+00 0.00E+00 0.00E+00 0.00E+00 0.00E+00 0.00E+00 0.00E+00 0.00E+00 0.00E+00 0.00E+00 0.00E+00 0.00E+00 0.00E+00 0.00E+00 0.00E+00 0.00E+00 0.00E+00 0.00E+00 0.00E+00 0.00E+00 0.00E+00 0.00E+00 0.00E+00 0.00E+00 0.00E+00 0.00E+00 0.00E+00 0.00E+00 0.00E+00 0.00E+00 0.00E+00 0.00E+00 0.00E+00 0.00E+00
260 0 0 818 1226 2608 6254 16612 35427 63344 95818 1.29E+05 1.58E+05 1.75E+05 1.91E+05 2.17E+05 2.19E+05 2.38E+05 2.57E+05 2.71E+05 3.00E+05 3.13E+05 3.45E+05 4.71E+05 3.37E+05 3.30E+05 3.49E+05 3.42E+05 3.86E+05 3.70E+05 3.64E+05 3.73E+05 3.81E+05 3.90E+05 3.86E+05 3.97E+05 4.30E+05 4.26E+05 4.14E+05 4.64E+05 4.77E+05 4.59E+05 4.48E+05 4.51E+05 3.94E+05 3.83E+05 3.74E+05 3.74E+05 3.94E+05 3.15E+05 3.09E+05 0.00E+00 0.00E+00 0.00E+00 0.00E+00 0.00E+00 0.00E+00 0.00E+00 0.00E+00 0.00E+00 0.00E+00 0.00E+00 0.00E+00 0.00E+00 0.00E+00 0.00E+00 0.00E+00 0.00E+00 0.00E+00 0.00E+00 0.00E+00 0.00E+00 0.00E+00 0.00E+00 0.00E+00 0.00E+00 0.00E+00 0.00E+00 0.00E+00 0.00E+00 0.00E+00 0.00E+00 0.00E+00 0.00E+00 0.00E+00 0.00E+00 0.00E+00 0.00E+00 0.00E+00 0.00E+00 0.00E+00 0.00E+00 0.00E+00 0.00E+00 0.00E+00 0.00E+00 0.00E+00 0.00E+00 0.00E+00 0.00E+00
250 680 754 834 948 2109 4963 11932 26425 45812 72494 92897 1.21E+05 1.43E+05 1.59E+05 1.83E+05 2.00E+05 2.23E+05 2.35E+05 2.64E+05 4.22E+05 3.02E+05 3.04E+05 3.32E+05 3.14E+05 3.36E+05 3.11E+05 3.16E+05 3.31E+05 3.41E+05 3.32E+05 3.42E+05 3.50E+05 3.98E+05 3.62E+05 3.55E+05 3.65E+05 4.21E+05 3.85E+05 4.43E+05 4.09E+05 4.08E+05 4.12E+05 4.27E+05 4.39E+05 3.60E+05 3.60E+05 0.00E+00 0.00E+00 0.00E+00 0.00E+00 0.00E+00 0.00E+00 0.00E+00 0.00E+00 0.00E+00 0.00E+00 0.00E+00 0.00E+00 0.00E+00 0.00E+00 0.00E+00 0.00E+00 0.00E+00 0.00E+00 0.00E+00 0.00E+00 0.00E+00 0.00E+00 0.00E+00 0.00E+00 0.00E+00 0.00E+00 0.00E+00 0.00E+00 0.00E+00 0.00E+00 0.00E+00 0.00E+00 0.00E+00 0.00E+00 0.00E+00 0.00E+00 0.00E+00 0.00E+00 0.00E+00 0.00E+00 0.00E+00 0.00E+00 0.00E+00 0.00E+00 0.00E+00 0.00E+00 0.00E+00 0.00E+00 0.00E+00 0.00E+00 0.00E+00 0.00E+00 0.00E+00
