260 265 270 275 280 285 290 295 300 305 310 315 320 325 330 335 340 345 350 355 360 365 370 375 380 385 390 395 400 405 410 415 420 425 430 435 440 445 450 455 460 465 470 475 480 485 490 495 500 505 510 515 520 525 530 535 540 545 550 555 560 565 570 575 580 585 590 595 600 605 610 615 620 625 630 635 640 645 650 655 660 665 670 675 680 685 690 695 700 705 710 715 720 725 730 735 740 745 750

520 0 0 0 0 0 0 0 0 0 0 0 0 0 0 0 0 0 0 0 0 0 0 0 0 0 0 0 0 0 0 0 0 0 0 0 0 0 0 0 0 0 0 0 0 0 0 0 0 0 0 0 0 0 0 35410 34809 34116 32993 30936 29442 27631 23929 21774 19301 16975 14982 13386 11664 10182 8753 7782 6644 5876 4638 3996 3040 2817 2570 2033 1659 1545 1129 882 686 668 520 330 442 278 280 170 142 228 74 80 42 72 26 50

510 0 0 0 0 0 0 0 0 0 0 0 0 0 0 0 0 0 0 0 0 0 0 0 0 0 0 0 0 0 0 0 0 0 0 0 0 0 0 0 0 0 0 0 0 0 0 0 0 0 0 0 0 108330 114093 113515 110306 106619 103071 96229 89004 82316 75025 67754 60514 54186 47645 41376 37060 32317 27567 23979 20536 16838 14781 12344 10370 8740 7654 6332 5237 4485 3569 2967 2416 2119 1641 1281 1117 1088 656 740 440 394 466 360 310 198 256 202

500 0 0 0 0 0 0 0 0 0 0 0 0 0 0 0 0 0 0 0 0 0 0 0 0 0 0 0 0 0 0 0 0 0 0 0 0 0 0 0 0 0 0 0 0 0 0 0 0 0 0 300958 340110 360740 369766 369252 362451 349619 330567 314003 292901 268257 244243 221499 195552 175784 155870 137445 119605 104788 90613 78622 67312 57424 49067 41147 35171 29010 24989 20603 16889 14419 11773 10449 8280 7182 5774 5052 4208 3277 2710 2376 1915 1687 1277 1174 1090 816 708 552

490 0 0 0 0 0 0 0 0 0 0 0 0 0 0 0 0 0 0 0 0 0 0 0 0 0 0 0 0 0 0 0 0 0 0 0 0 0 0 0 0 0 0 0 0 0 0 0 0 453263 590586 703503 784407 828976 849149 845435 825557 799128 759964 719130 670515 617487 558573 504919 453573 402672 354786 315071 274671 242724 210890 180934 156072 134152 113288 95807 80320 68835 57068 47999 40142 33014 28617 23444 19496 16092 13491 11416 9410 7880 6548 5297 4519 3802 3042 2682 2203 1897 1597 1323

480 0 0 0 0 0 0 0 0 0 0 0 0 0 0 0 0 0 0 0 0 0 0 0 0 0 0 0 0 0 0 0 0 0 0 0 0 0 0 0 0 0 0 0 0 0 0 360960 559352 776499 987435 1174884 1304906 1374724 1405175 1395449 1365504 1325560 1256207 1186129 1106227 1016165 925059 834790 742100 662173 586879 521253 456259 400485 348668 301650 257948 219072 187104 159096 134222 113242 95238 80153 67661 56104 46197 38803 32513 27561 22334 18687 15229 13113 10981 9002 7387 6197 5012 4633 3834 3034 2612 2396

470 0 0 0 0 0 0 0 0 0 0 0 0 0 0 0 0 0 0 0 0 0 0 0 0 0 0 0 0 0 0 0 0 0 0 0 0 0 0 0 0 0 0 0 0 175427 353494 590763 886957 1202947 1522981 1792951 1972981 2082781 2112839 2093086 2043234 1973625 1882873 1771810 1649434 1528655 1382600 1245397 1116381 990668 879078 780453 683701 596831 518921 451149 387447 332483 280618 237634 201844 170024 142058 121232 100238 85175 70623 58945 48642 40855 33975 28161 23722 19218 16147 13495 11225 9784 7690 6685 5782 4728 4088 3449

460 0 0 0 0 0 0 0 0 0 0 0 0 0 0 0 0 0 0 0 0 0 0 0 0 0 0 0 0 0 0 0 0 0 0 0 0 0 0 0 0 0 0 34954 93500 188968 351505 565960 832034 1113750 1383675 1613240 1772801 1852935 1883054 1863024 1821306 1758486 1667446 1570730 1464473 1345417 1215700 1096231 981742 876110 774242 686535 600719 527913 458095 398285 341485 291523 247652 209912 177964 149956 125000 106062 88625 74264 62015 51686 42830 35507 29739 24830 20854 17414 14451 11888 10341 8473 7283 5931 4756 4227 3569 2858

450 0 0 0 0 0 0 0 0 0 0 0 0 0 0 0 0 0 0 0 0 0 0 0 0 0 0 0 0 0 0 0 0 0 0 0 0 0 0 0 0 2559 22790 55889 119761 225621 401623 627912 907635 1193350 1462885 1682678 1842177 1930469 1956976 1933778 1876737 1811990 1723824 1624419 1504812 1385508 1255447 1135954 1006680 895736 795200 705282 616392 539835 472873 408033 350235 299427 254724 216654 183818 153880 127992 109126 91224 75889 63678 53828 44306 36948 30352 25881 20969 17351 14697 12588 10642 8499 7503 6017 5269 4379 3487 2999

440 0 0 0 0 0 0 0 0 0 0 0 0 0 0 0 0 0 0 0 0 0 0 0 0 0 0 0 0 0 0 0 0 0 0 0 0 0 0 0 2857 13475 32171 65265 131284 235563 405549 614324 861324 1112841 1351264 1546974 1671207 1743887 1760607 1732680 1692943 1623449 1544283 1454191 1354818 1235397 1115704 1006111 902499 803782 706182 624657 551563 481899 418029 361125 311289 267427 225558 192738 163914 136936 115006 96409 81349 67502 57197 46833 39039 32519 27599 23256 19285 15923 12827 10785 9398 7533 6364 5319 4479 3828 3183 2732

430 0 0 0 0 0 0 0 0 0 0 0 0 0 0 0 0 0 0 0 0 0 0 0 0 0 0 0 0 0 0 0 0 0 0 0 0 5981 16692 21689 26713 35587 54025 87001 149632 248618 406500 593759 810288 1020131 1229455 1398144 1511406 1552111 1572626 1552528 1503381 1443635 1373980 1284371 1185055 1085468 988554 887177 789339 703960 625074 555525 483481 425751 365907 318045 273329 234545 198690 168652 142836 119852 100858 85594 70908 59818 49845 42118 34724 28908 23906 20406 17053 13908 11538 9680 8080 6595 5724 4712 3920 3295 3027 2428

420 0 0 0 0 0 0 0 0 0 0 0 0 0 0 0 0 0 0 0 0 0 0 0 0 0 0 0 0 0 0 0 0 0 0 55025 81837 96722 105432 112051 117948 125153 137956 168870 221716 307745 447580 609898 798646 986725 1170780 1301376 1391412 1441836 1442040 1422271 1382662 1323296 1253912 1174257 1084900 994083 896558 808926 722621 640980 566852 501242 439310 385519 333927 286937 248035 214251 180225 154407 128391 108872 91636 77832 64301 54233 44769 37797 31907 26517 22446 18544 14950 12805 10389 8781 7457 6169 5002 4097 3592 3161 2560 1925

410 0 0 0 0 0 0 0 0 0 0 0 0 0 0 0 0 0 0 0 0 0 0 0 0 0 0 0 0 0 0 0 0 43051 98560 146431 187279 209683 225438 235494 240380 245358 251996 263162 298141 362845 470509 600245 741754 880979 1020629 1120774 1190894 1231370 1221902 1201958 1162741 1103015 1043709 978064 907778 827303 749676 672157 598377 532732 468722 415100 363437 319697 277743 238729 203925 177279 149293 127391 106596 90150 75311 63481 53528 45385 37655 31646 25895 21978 17930 14608 12135 10573 8653 7526 5975 4648 4189 3263 2774 2372 2196 1779

400 0 0 0 0 0 0 0 0 0 0 0 0 0 0 0 0 0 0 0 0 0 0 0 0 0 0 0 0 0 0 0 25614 73491 136745 195764 244062 275654 295600 307208 311186 310513 310504 320830 344680 390640 480676 574629 692514 813620 930237 1019573 1080095 1090495 1101207 1071474 1032193 986498 930060 875978 804387 737013 669231 595670 531201 471469 417399 368788 325044 282200 243461 213683 181989 156023 131195 112241 94844 79183 66569 56688 47984 39092 32517 27187 22875 18483 15790 13067 10881 8968 7522 5984 5134 4277 3680 3013 2350 1895 1709 1233

390 0 0 0 0 0 0 0 0 0 0 0 0 0 0 0 0 0 0 0 0 0 0 0 0 0 0 0 0 0 0 5526 33567 83881 151049 215141 266755 300196 321044 330466 340839 341074 337071 337661 356658 394220 470216 564984 676980 797438 917011 1008852 1069424 1089842 1090768 1071107 1031884 985087 931747 870316 801760 734341 663005 598482 531906 470145 414369 364656 322982 282170 243489 209517 179923 154927 131167 110231 93462 78450 66374 55501 47132 39063 32953 27867 22890 19047 15572 12700 10510 8803 7204 5818 5136 4330 3264 2957 2346 1896 1347 1029

380 0 0 0 0 0 0 0 0 0 0 0 0 0 0 0 0 0 0 0 0 0 0 0 0 0 0 0 0 0 0 10125 36032 81683 144211 204757 249581 282855 308316 320229 325344 325978 323467 323177 341433 384737 468613 575586 702592 844286 973715 1077471 1148267 1179277 1179788 1160248 1121095 1071775 1012578 948094 875497 799119 723433 648051 577393 513692 454223 399607 351954 307114 264336 229737 197949 167837 142123 122115 102455 86101 72088 60235 50429 41802 35298 29413 24227 20554 16709 13742 11742 9199 7904 6156 5133 4183 3543 2575 1800 1404 54 0.00E+00

370 0 0 0 0 0 0 0 0 0 0 0 0 0 0 0 0 0 0 0 0 0 0 0 0 0 0 0 0 0 1410 11541 35349 70006 125433 186897 234729 263879 282113 293851 298424 299159 297001 301638 321661 365653 454616 565706 695759 834447 965002 1077036 1138102 1168572 1169267 1150121 1101095 1061689 1002376 932865 862399 788004 716754 639145 570838 506163 447465 394583 346986 301240 263242 224663 192907 165889 140045 120141 99319 84573 70668 59589 49518 40876 33912 28549 23149 19494 16211 13676 10665 9372 7429 5501 4457 3070 1261 0 0 0 0 0

360 0 0 0 0 0 0 0 0 0 0 0 0 0 0 0 0 0 0 0 0 0 0 0 0 0 0 0 0 0 119 509 27360 74548 131223 190609 236184 265065 286269 295334 304506 302633 305828 306527 330536 375919 455808 554047 674020 793226 909688 1007171 1057991 1078841 1079904 1050396 1011073 970404 915614 861194 793163 723223 655964 584363 519798 459137 406718 359920 316920 274228 237262 207559 176639 151835 128959 108089 92391 78356 64775 53938 45128 38322 31028 25296 20154 17085 13819 11694 9536 6959 4340 0 0 0 0 0 0 0 0 0

350 0 0 0 0 0 0 0 0 0 0 0 0 0 0 0 0 0 0 0 0 0 0 0 0 0 0 0 0 0 0 6867 30806 71973 131217 188142 236468 264434 285919 295629 302873 307403 303887 308002 326320 364903 430858 512632 604096 700131 792664 862708 907255 925255 916993 897754 864691 824209 777120 726565 670219 609664 549397 492492 437920 389445 344641 303944 266034 234308 202276 174591 147761 126767 106821 91104 76315 64187 54855 45625 37154 31775 25904 20923 17612 14148 10283 0 0 0 0 0 0 0 0 0 0 0 0 0

340 0 0 0 0 0 0 0 0 0 0 0 0 0 0 0 0 0 0 0 0 0 0 0 0 0 0 0 0 0 0 0 20160 56563 105876 155505 193771 221036 237177 246876 252661 257090 255968 260022 272128 303877 358623 420214 491332 561131 628914 680399 715954 723059 719995 704775 677514 640773 605711 565080 519706 475648 428564 383770 341225 302459 265952 236068 205986 180208 156465 134461 115595 99671 84419 69684 59625 50061 41309 34921 28288 22779 17088 0 0 0 0 0 0 0 0 0 0 0 0 0 0 0 0 0

330 0 0 0 0 0 0 0 0 0 0 0 0 0 0 0 0 0 0 0 0 0 0 0 0 0 0 0 0 0 0 0 7744 34225 72989 109556 139074 161463 174169 181422 183241 186126 185728 187988 194893 216407 249594 289694 333220 382873 427909 460223 485161 495565 486320 473794 457721 434194 409569 382393 351822 319381 289560 259145 231159 203521 180830 159966 137968 120194 103394 90861 76469 66560 55335 46584 38677 30901 24616 0 0 0 0 0 0 0 0 0 0 0 0 0 0 0 0 0 0 0 0 0

320 0 0 0 0 0 0 0 0 0 0 0 0 0 0 0 0 0 0 0 0 0 0 0 0 0 0 0 0 0 0 0 0 11027 31906 53820 71240 83701 91388 96688 96397 99267 99132 99834 103683 113386 132625 154952 179690 207323 233898 256627 266465 274376 270058 266432 256116 243868 229297 213914 197219 179676 162006 146371 128533 114750 100746 88621 76136 67569 57677 49411 41178 34460 28114 0 0 0 0 0 0 0 0 0 0 0 0 0 0 0 0 0 0 0 0 0 0 0 0 0

310 0 0 0 0 0 0 0 0 0 0 0 0 0 0 0 0 0 0 0 0 0 0 0 0 0 0 0 0 0 0 0 0 0 7242 20517 28313 33964 39615 42131 43212 43625 43308 44197 45496 50422 60259 69411 84481 98065 114001 125432 135587 135924 137843 134377 128008 124455 117886 109033 100524 91529 83378 73888 65096 58103 50669 44199 38787 33610 27352 0 0 0 0 0 0 0 0 0 0 0 0 0 0 0 0 0 0 0 0 0 0 0 0 0 0 0 0 0

300 0 0 0 0 0 0 0 0 0 0 0 0 0 0 0 0 0 0 0 0 0 0 0 0 0 0 0 0 0 0 0 0 0 0 4928 10037 12841 14869 16084 17269 17847 17545 18505 21538 25983 34794 46782 60997 74200 90080 101559 110980 115819 115473 114629 111092 106800 100169 94074 87124 80408 71351 64454 57140 50833 42900 0 0 0 0 0 0 0 0 0 0 0 0 0 0 0 0 0 0 0 0 0 0 0 0 0 0 0 0 0 0 0 0 0

290 0 0 0 0 0 0 0 0 0 0 0 0 0 0 0 0 0 0 0 0 0 0 0 0 0 0 0 0 0 0 0 0 0 803 3799 6279 8103 8353 9712 10560 12548 14718 20927 33976 56047 91020 137042 192984 252838 309706 358404 391036 410618 417007 411555 400056 384632 366063 344379 316686 293994 264413 0 0 0 0 0 0 0 0 0 0 0 0 0 0 0 0 0 0 0 0 0 0 0 0 0 0 0 0 0 0 0 0 0 0 0 0 0

280 0 0 0 0 0 0 2120 3480 4181 3431 0 0 0 0 0 0 0 0 0 0 0 0 0 0 0 0 0 0 0 0 0 0 0 669 2936 4279 5056 6422 6459 8015 13176 21639 40696 74665 130586 218272 327913 457018 592719 718123 822832 896490 934026 946347 937240 907641 875958 830862 0 0 0 0 0 0 0 0 0 0 0 0 0 0 0 0 0 0 0 0 0 0 0 0 0 0 0 0 0 0 0 0 0 0 0 0 0 0 0 0 0

270 0 0 0 0 336 634 1690 526 0 1401 639 0 0 0 0 0 0 0 0 0 0 0 0 0 0 0 0 0 0 0 0 0 2465 8619 14161 19484 23553 25791 27770 31471 36578 47321 66049 101749 160366 252762 363918 495316 632382 763432 869035 938338 978131 987751 0 0 0 0 0 0 0 0 0 0 0 0 0 0 0 0 0 0 0 0 0 0 0 0 0 0 0 0 0 0 0 0 0 0 0 0 0 0 0 0 0 0 0 0 0

260 0 0 274 304 444 0 340 747 1077 287 0 0 0 0 0 0 0 0 0 0 0 0 0 0 0 0 0 0 0 0 0 6744 22057 43012 62478 79682 91062 98483 103434 107290 110086 113116 120440 135470 166025 215888 272912 345292 414784 487733 0 0 0 0 0 0 0 0 0 0 0 0 0 0 0 0 0 0 0 0 0 0 0 0 0 0 0 0 0 0 0 0 0 0 0 0 0 0 0 0 0 0 0 0 0 0 0 0 0

250 154 102 130 136 116 268 604 785 889 391 90 0 0 0 0 0 0 0 0 0 0 0 0 0 0 0 0 0 0 0 0 113 8365 18916 29743 38425 44314 48811 49914 52304 52473 53140 56095 60170 71163 88212 0 0 0 0 0 0 0 0 0 0 0 0 0 0 0 0 0 0 0 0 0 0 0 0 0 0 0 0 0 0 0 0 0 0 0 0 0 0 0 0 0 0 0 0 0 0 0 0 0 0 0 0 0
