260 265 270 275 280 285 290 295 300 305 310 315 320 325 330 335 340 345 350 355 360 365 370 375 380 385 390 395 400 405 410 415 420 425 430 435 440 445 450 455 460 465 470 475 480 485 490 495 500 505 510 515 520 525 530 535 540 545 550 555 560 565 570 575 580 585 590 595 600 605 610 615 620 625 630 635 640 645 650 655 660 665 670 675 680 685 690 695 700 705 710 715 720 725 730 735 740 745 750
520 0 0 0 0 0 0 0 0 0 0 0 0 0 0 0 0 0 0 0 0 0 0 0 0 0 0 0 0 0 0 0 0 0 0 0 0 0 0 0 0 0 0 0 0 0 0 0 0 0 0 0 0 0 0 0 0 0 0 0 0 0 0 0 0 0 0 0 0 0 0 0 0 0 0 338 1534 2727 3075 3121 3604 3940 4081 4086 3678 3651 3219 2886 2490 2358 1809 1695 1555 1148 1038 836 698 536 498 360
510 0 0 0 0 0 0 0 0 0 0 0 0 0 0 0 0 0 0 0 0 0 0 0 0 0 0 0 0 0 0 0 0 0 0 0 0 0 0 0 0 0 0 0 0 0 0 0 0 0 0 0 0 0 0 0 0 0 0 0 0 0 0 0 0 0 0 0 0 0 0 0 0 0 0 286 981 1675 2120 2264 2426 2987 2894 2796 2690 2562 2267 2021 1797 1821 1435 1208 1060 792 856 554 446 346 326 268
500 0 0 0 0 0 0 0 0 0 0 0 0 0 0 0 0 0 0 0 0 0 0 0 0 0 0 0 0 0 0 0 0 0 0 0 0 0 0 0 0 0 0 0 0 0 0 0 0 0 0 0 0 0 0 0 0 0 0 0 0 0 0 0 0 0 0 0 0 0 0 0 0 0 0 270 799 1403 1585 1781 1999 2304 2294 2101 1977 1899 1675 1685 1225 1231 982 900 774 648 576 398 390 328 150 246
490 0 0 0 0 0 0 0 0 0 0 0 0 0 0 0 0 0 0 0 0 0 0 0 0 0 0 0 0 0 0 0 0 0 0 0 0 0 0 0 0 0 0 0 0 0 0 0 0 0 232 0 0 0 0 0 0 0 0 0 0 0 0 0 0 0 0 0 0 0 0 0 0 0 0 336 797 1403 1565 2047 2087 2380 2161 2131 2121 1959 1789 1671 1437 1154 1050 1064 808 680 554 464 416 272 298 196
480 0 0 0 0 0 0 0 0 0 0 0 0 0 0 0 0 0 0 0 0 0 0 0 0 0 0 0 0 0 0 0 0 0 0 0 0 0 0 0 0 0 0 0 0 0 0 678 2160 2209 2018 1850 799 521 0 0 0 0 0 0 0 0 0 0 0 0 0 0 0 0 0 0 0 0 188 516 1453 2117 2280 2460 2698 2858 3089 3255 2860 2564 2306 2275 1767 1413 1363 1140 974 846 738 636 488 362 302 220
470 0 0 0 0 0 0 0 0 0 0 0 0 0 0 0 0 0 0 0 0 0 0 0 0 0 0 0 0 0 0 0 0 0 0 0 0 0 0 0 0 0 0 0 0 94 3022 3967 5236 5745 5419 4880 4008 2579 1417 750 0 0 0 0 0 0 0 0 0 0 0 0 0 0 0 0 0 0 478 1351 2702 3862 4281 4437 5033 5265 5475 5229 4736 4547 4086 3613 3247 2950 2540 2287 1871 1575 1134 1052 838 730 602 484
460 0 0 0 0 0 0 0 0 0 0 0 0 0 0 0 0 0 0 0 0 0 0 0 0 0 0 0 0 0 0 0 0 0 0 0 0 0 0 0 0 0 0 0 0 395 2491 3622 5253 5343 5456 4355 3721 2629 865 0 0 0 0 0 0 0 0 0 0 0 0 0 0 0 0 0 0 162 779 1753 3508 4395 5536 5829 6531 6839 6631 6498 6494 5971 5389 4876 4341 3896 3087 2814 2494 1979 1737 1365 1184 848 818 702
450 0 0 0 0 0 0 0 0 0 0 0 0 0 0 0 0 0 0 0 0 0 0 0 0 0 0 0 0 0 0 0 0 0 0 0 0 0 0 0 0 0 0 0 0 0 2624 4071 5094 5241 4906 3664 0 115 1486 691 1108 484 150 0 0 0 0 0 0 0 0 0 0 0 0 0 0 268 747 1505 2624 4047 4227 5121 4995 5434 5181 5518 4932 5036 4155 3916 3535 3000 2804 2225 1817 1523 1273 1002 794 740 592 462
440 0 0 0 0 0 0 0 0 0 0 0 0 0 0 0 0 0 0 0 0 0 0 0 0 0 0 0 0 0 0 0 0 0 0 0 0 0 0 0 0 0 0 0 0 379 1789 3209 3413 1565 272 2459 1936 2090 1615 1316 731 553 433 118 0 0 0 0 0 0 0 0 0 0 0 0 0 0 446 1035 1879 2796 3021 3397 3540 3858 3992 3792 3666 3231 3141 2812 2297 2283 1727 1719 1377 1134 840 784 622 430 514 288
430 0 0 0 0 0 0 0 0 0 0 0 0 0 0 0 0 0 0 0 0 0 0 0 0 0 0 0 0 0 0 0 0 0 0 0 0 0 0 0 0 0 0 0 0 0 0 0 641 1527 1863 1812 1719 1420 1092 367 308 0 0 0 0 0 0 0 0 0 0 0 0 0 0 0 0 0 144 514 1201 1695 2192 2608 2724 2834 2901 2676 2526 2382 2121 1969 1623 1563 1327 1024 884 772 684 528 342 232 286 170
420 0 0 0 0 0 0 0 0 0 0 0 0 0 0 0 0 0 0 0 0 0 0 0 0 0 0 0 0 0 0 0 0 0 0 0 0 0 0 0 0 0 0 0 0 0 0 0 375 1114 1137 513 513 38 30 0 0 0 0 0 0 0 0 0 0 0 0 0 0 0 0 0 0 0 0 212 847 1487 1731 2046 2286 2262 2144 2086 1773 1719 1545 1521 1139 1135 920 846 562 540 438 422 306 302 194 160
410 0 0 0 0 0 0 0 0 0 0 0 0 0 0 0 0 0 0 0 0 0 0 0 0 0 0 0 0 0 0 0 0 0 0 0 0 0 0 0 0 0 0 0 0 0 0 0 0 0 0 0 0 0 0 0 0 0 0 0 0 0 0 0 0 0 0 0 0 0 0 0 0 0 0 102 779 1105 1455 1485 1736 1635 1685 1597 1367 1463 1203 1019 974 776 706 690 510 522 424 328 204 180 192 146
400 0 0 0 0 0 0 0 0 0 0 0 0 0 0 0 0 0 0 0 0 0 0 0 0 0 0 0 0 0 0 0 0 0 0 0 0 0 0 0 0 0 0 0 0 0 0 0 0 0 0 0 0 0 0 0 0 0 0 0 0 0 0 0 0 0 0 0 0 0 0 0 0 0 0 0 389 843 847 1129 1395 1329 1275 1103 1273 1079 1049 864 738 576 604 418 306 340 152 186 88 0 26 0
390 0 0 0 0 0 0 0 0 0 0 0 0 0 0 0 0 0 0 0 0 0 0 0 0 0 0 0 0 0 0 0 0 0 0 0 0 0 0 0 0 0 0 0 0 0 0 0 0 0 0 0 0 0 0 0 0 0 0 0 0 0 0 0 0 0 0 0 0 0 0 0 0 0 0 0 162 583 789 1273 1187 1163 1331 1211 1133 995 1001 798 666 650 600 314 332 154 262 118 44 32 28 0
380 0 0 0 0 0 0 0 0 0 0 0 0 0 0 0 0 0 0 0 0 0 0 0 0 0 0 0 0 0 0 0 0 0 0 0 0 0 0 0 0 0 0 0 0 0 0 0 0 0 0 0 0 0 0 0 0 0 0 0 0 0 0 0 0 0 0 0 0 0 0 0 0 0 0 0 278 669 759 1061 1139 1185 1059 1153 1047 1033 908 856 786 612 404 318 288 238 0 46 0 0 0 0.00E+00
370 0 0 0 0 0 0 0 0 0 0 0 0 0 0 0 0 0 0 0 0 0 0 0 0 0 0 0 0 0 0 0 0 0 0 0 0 0 0 0 0 0 0 0 0 0 0 0 0 0 0 0 0 0 0 0 0 0 0 0 0 0 0 0 0 0 0 0 0 0 0 0 0 0 0 0 236 590 729 943 965 1151 1115 1255 1109 784 696 740 592 506 442 204 52 0 0 0 0 0 0 0
360 0 0 0 0 0 0 0 0 0 0 0 0 0 0 0 0 0 0 0 0 0 0 0 0 0 0 0 0 0 0 0 0 0 0 0 0 0 0 0 0 0 0 0 0 0 0 0 0 0 0 0 0 0 0 0 0 0 0 0 0 0 0 0 0 0 0 0 0 0 0 0 0 0 0 0 192 601 885 941 963 1057 1145 885 785 657 695 571 387 321 0 0 0 0 0 0 0 0 0 0
350 0 0 0 0 0 0 0 0 0 0 0 0 0 0 0 0 0 0 0 0 0 0 0 0 0 0 0 0 0 0 0 0 0 0 0 0 0 0 0 0 0 0 0 0 0 0 0 0 0 0 0 0 0 0 0 0 0 0 0 0 0 0 0 0 0 0 0 0 0 0 0 0 0 0 0 376 595 719 965 1097 1023 973 829 847 228 0 0 0 0 0 0 0 0 0 0 0 0 0 0
340 0 0 0 0 0 0 0 0 0 0 0 0 0 0 0 0 0 0 0 0 0 0 0 0 0 0 0 0 0 0 0 0 0 0 0 0 0 0 0 0 0 0 0 0 0 0 0 0 0 0 0 0 0 0 0 0 0 0 0 0 0 0 0 0 0 0 0 0 0 0 0 0 0 0 20 374 543 743 887 807 628 276 0 0 0 0 0 0 0 0 0 0 0 0 0 0 0 0 0
330 0 0 0 0 0 0 0 0 0 0 0 0 0 0 0 0 7692 3739 5833 5696 0 0 0 3081 1566 0 0 0 0 0 0 0 0 0 0 0 0 0 0 0 0 0 0 0 0 0 0 0 0 0 0 0 0 0 0 0 0 0 0 0 0 0 0 0 0 0 0 0 0 0 0 0 0 34 645 1908 2480 2204 0 0 0 0 0 0 0 0 0 0 0 0 0 0 0 0 0 0 0 0 0
320 0 0 0 0 0 0 0 0 0 0 0 0 0 0 683636 705802 638902 542018 427000 362000 287099 215646 155074 107819 72976 50842 34000 21643 12082 6475 1457 0 0 0 0 0 0 0 0 0 0 0 0 0 0 0 0 0 0 0 0 0 0 0 0 0 0 0 0 0 0 0 0 0 0 0 0 0 0 0 496 2619 10627 25030 0 0 0 0 0 0 0 0 0 0 0 0 0 0 0 0 0 0 0 0 0 0 0 0 0
310 0 0 0 0 0 0 0 0 0 0 0 0 2694019 3396288 3817624 3892714 3529000 3097798 2669507 2230122 1721658 1285065 922874 646417 453815 317721 223504 156833 110131 76474 53675 36835 24013 15856 8494 4849 2176 511 0 0 0 0 0 0 0 0 0 0 0 0 0 0 0 0 0 0 0 0 0 0 198 246 557 679 669 1199 1085 1129 1797 2703 0 0 0 0 0 0 0 0 0 0 0 0 0 0 0 0 0 0 0 0 0 0 0 0 0 0 0 0 0
300 0 0 0 0 0 0 0 0 0 0 390900 1479351 3055569 3788000 4248000 4380528 4014005 3516025 3028667 2525145 1958148 1463601 1052212 733801 513902 361307 253937 176633 126448 88718 62754 41818 28434 18832 12144 7792 4263 1870 1068 0 0 0 0 0 0 0 0 0 0 0 140 0 0 151 0 0 0 0 38 48 691 886 1162 673 984 851 0 0 0 0 0 0 0 0 0 0 0 0 0 0 0 0 0 0 0 0 0 0 0 0 0 0 0 0 0 0 0 0 0
290 0 0 0 0 0 0 0 0 0 8518 318651 1271000 2714000 3460109 3889554 3977781 3654457 3190221 2728429 2277845 1753987 1300969 931677 652694 453568 317191 223508 156351 109636 75875 53500 35857 24612 16469 10574 6572 3463 1829 521 0 0 0 0 0 0 0 0 0 0 0 0 0 0 0 0 0 0 0 0 206 476 358 0 0 0 0 0 0 0 0 0 0 0 0 0 0 0 0 0 0 0 0 0 0 0 0 0 0 0 0 0 0 0 0 0 0 0 0 0
280 0 0 0 0 0 0 0 0 0 0 269690 1184302 2504847 3186411 3599228 3692909 3386483 2938217 2518695 2089818 1614238 1201582 863470 600020 418548 291843 205928 145392 102996 72669 50104 34999 24561 16974 11195 7399 5354 3363 1746 667 429 69 0 150 0 0 0 0 68 607 340 349 28 154 0 214 30 199 0 0 0 0 0 0 0 0 0 0 0 0 0 0 0 0 0 0 0 0 0 0 0 0 0 0 0 0 0 0 0 0 0 0 0 0 0 0 0 0 0
270 0 0 0 0 975 0 0 0 0 0 170391 741660 1601041 2062358 2344730 2427485 2200693 1891624 1611397 1330188 1023292 757756 539879 373506 257983 180431 126320 89369 62441 43538 30229 20495 14250 9755 6253 4489 2598 1376 491 178 826 0 0 0 0 0 0 0 56 0 0 0 0 14 0 0 0 0 0 0 0 0 0 0 0 0 0 0 0 0 0 0 0 0 0 0 0 0 0 0 0 0 0 0 0 0 0 0 0 0 0 0 0 0 0 0 0 0 0
260 0 0 426 490 0 0 0 0 0 0 53288 271348 608264 792459 912219 937413 852415 729701 615010 502117 383726 281328 196248 133692 93038 63717 42673 29118 19579 12727 8500 5223 2847 1740 223 0 0 0 0 0 0 0 0 0 0 0 0 0 0 0 0 0 0 0 0 0 0 0 0 0 0 0 0 0 0 0 0 0 0 0 0 0 0 0 0 0 0 0 0 0 0 0 0 0 0 0 0 0 0 0 0 0 0 0 0 0 0 0 0
250 98 152 138 132 94 0 0 0 0 0 9473 76500 184483 245732 284535 292447 265135 223203 187756 151532 114174 83137 57760 39745 25756 17354 11614 7821 4322 2705 1262 387 0 0 0 0 0 0 0 0 0 0 0 0 0 0 0 0 0 0 0 0 0 0 0 0 0 0 0 0 0 0 0 0 0 0 0 0 0 0 0 0 0 0 0 0 0 0 0 0 0 0 0 0 0 0 0 0 0 0 0 0 0 0 0 0 0 0 0
