260 265 270 275 280 285 290 295 300 305 310 315 320 325 330 335 340 345 350 355 360 365 370 375 380 385 390 395 400 405 410 415 420 425 430 435 440 445 450 455 460 465 470 475 480 485 490 495 500 505 510 515 520 525 530 535 540 545 550 555 560 565 570 575 580 585 590 595 600 605 610 615 620 625 630 635 640 645 650 655 660 665 670 675 680 685 690 695 700 705 710 715 720 725 730 735 740 745 750
520 0 0 0 0 0 0 0 0 0 0 0 0 0 0 0 0 0 0 0 0 0 0 0 0 0 0 0 0 0 0 0 0 0 0 0 0 0 0 0 0 0 0 0 0 0 0 0 0 0 0 0 0 0 0 1108 1345 980 969 857 749 676 564 272 36 0 0 0 0 0 0 0 0 0 0 0 0 0 0 0 0 0 0 0 0 0 0 0 0 0 0 0 0 8 0 0 0 0 0 0
510 0 0 0 0 0 0 0 0 0 0 0 0 0 0 0 0 0 0 0 0 0 0 0 0 0 0 0 0 0 0 0 0 0 0 0 0 0 0 0 0 0 0 0 0 0 0 0 0 0 0 0 0 947 1368 1421 999 1199 865 685 693 482 386 286 152 0 0 0 0 22 0 0 0 0 0 0 0 0 0 0 0 0 0 0 0 0 0 0 0 0 0 0 0 0 0 0 0 0 0 0
500 0 0 0 0 0 0 0 0 0 0 0 0 0 0 0 0 0 0 0 0 0 0 0 0 0 0 0 0 0 0 0 0 0 0 0 0 0 0 0 0 0 0 0 0 0 0 0 0 0 0 627 1171 1397 1153 1077 869 671 645 532 504 538 268 184 100 8 88 14 260 0 42 0 0 0 0 0 0 0 0 0 0 0 0 0 0 0 0 0 0 0 0 0 0 0 0 0 0 0 0 0
490 0 0 0 0 0 0 0 0 0 0 0 0 0 0 0 0 0 0 0 0 0 0 0 0 0 0 0 0 0 0 0 0 0 0 0 0 0 0 0 0 0 0 0 0 0 0 0 0 519 1345 1422 1309 959 951 781 579 483 609 534 230 372 280 236 215 180 218 266 44 0 0 0 0 0 0 0 0 0 0 0 0 0 0 0 0 0 0 0 0 0 0 0 0 0 0 0 0 0 0 0
480 0 0 0 0 0 0 0 0 0 0 0 0 0 0 0 0 0 0 0 0 0 0 0 0 0 0 0 0 0 0 0 0 0 0 0 0 0 0 0 0 0 0 0 0 0 0 1012 1465 1160 1269 1145 1159 852 521 459 615 413 291 180 102 68 396 595 585 116 0 0 0 0 0 0 0 0 0 0 0 0 0 0 0 0 0 0 0 0 0 0 0 0 0 0 0 0 0 0 0 0 0 0
470 0 0 0 0 0 0 0 0 0 0 0 0 0 0 0 0 0 0 0 0 0 0 0 0 0 0 0 0 0 0 0 0 0 0 0 0 0 0 0 0 0 0 0 0 222 1096 1643 1169 1312 919 981 446 511 236 0 26 0 0 363 231 584 201 0 0 0 0 0 0 0 0 0 0 0 0 0 0 0 0 0 0 0 0 0 0 0 0 0 0 0 0 0 0 0 0 0 0 0 0 0
460 0 0 0 0 0 0 0 0 0 0 0 0 0 0 0 0 0 0 0 0 0 0 0 0 0 0 0 0 0 0 0 0 0 0 0 0 0 0 0 0 0 0 572 1519 1885 1879 1746 1572 1221 937 791 446 424 222 102 14 58 534 306 42 0 0 0 0 0 0 0 0 0 0 0 0 0 0 0 0 0 0 0 0 0 0 0 0 0 0 0 0 0 0 0 0 0 0 0 0 0 0 0
450 0 0 0 0 0 0 0 0 0 0 0 0 0 0 0 0 0 0 0 0 0 0 0 0 0 0 0 0 0 0 0 0 0 0 0 0 0 0 0 0 566 1091 1491 1921 2033 1941 1714 1536 891 733 557 461 515 431 820 695 42 0 0 0 0 0 0 0 0 0 0 0 0 0 0 0 0 0 0 0 0 0 0 0 0 0 0 0 0 0 0 0 0 0 0 0 0 0 0 0 0 0 0
440 0 0 0 0 0 0 0 0 0 0 0 0 0 0 0 0 0 0 0 0 0 0 0 0 0 0 0 0 0 0 0 0 0 0 0 0 0 0 0 946 1196 1769 1777 1755 1616 1578 1290 1049 1128 886 719 1082 1340 307 182 56 0 0 0 0 0 46 0 0 0 0 0 0 0 0 0 0 0 0 0 0 0 0 0 0 0 0 0 0 0 0 0 0 0 0 0 0 0 0 0 0 0 0 0
430 0 0 0 0 0 0 0 0 0 0 0 0 0 0 0 0 0 0 0 0 0 0 0 0 0 0 0 0 0 0 0 0 0 0 0 0 0 663 977 1298 1700 1759 1725 1801 1364 1446 1627 1669 2116 1972 1165 245 280 148 227 0 0 0 0 0 0 0 0 0 0 0 0 0 0 0 0 0 0 0 0 0 0 0 0 0 0 0 0 0 0 0 0 0 0 0 0 0 0 0 0 0 0 0 0
420 0 0 0 0 0 0 0 0 0 0 0 0 0 0 0 0 0 0 0 0 0 0 0 0 0 0 0 0 0 0 0 0 0 0 0 1662 2279 2711 3383 3687 3766 3848 4004 4282 3963 4489 5454 4385 3187 2815 2471 2096 1829 1524 1418 1342 938 1065 797 502 482 428 286 200 30 12 0 0 0 0 0 0 0 0 0 0 0 0 0 0 0 0 0 0 0 0 0 0 0 0 0 0 0 0 0 0 0 0 0
410 0 0 0 0 0 0 0 0 0 0 0 0 0 0 0 0 0 0 0 0 0 0 0 0 0 0 0 0 0 0 0 0 2483 5407 6996 9742 11602 13032 13864 15974 16314 16710 17906 17681 18816 16196 14596 13831 12632 11048 10208 9426 8801 7507 6447 6185 5374 4998 4484 3806 3433 3162 2619 2188 1842 1373 1240 772 190 0 0 0 0 0 0 0 0 0 0 0 0 0 0 0 0 0 0 0 0 0 0 0 0 0 0 0 0 0 0
400 0 0 0 0 0 0 0 0 0 0 0 0 0 0 0 0 0 0 0 0 0 0 0 0 0 0 0 0 0 0 8196 14818 22229 31056 39762 48569 55525 62574 68319 73174 78386 79302 77244 75270 74147 71555 67425 61771 55842 51554 47749 42516 38346 35421 32249 29005 26070 23584 20391 18371 15907 13834 12547 10676 9324 8639 6766 6068 4875 1862 0 0 0 0 0 0 0 0 0 0 0 0 0 0 0 0 0 0 0 0 0 0 0 0 0 0 0 0 0
390 0 0 0 0 0 0 0 0 0 0 0 0 0 0 0 0 0 0 0 0 0 0 0 0 0 0 0 0 11526 22856 40307 60722 83988 112748 142093 169109 194787 215585 233232 244795 253305 258170 254431 251288 243856 238470 222471 203669 185840 169814 154925 143187 129556 118861 106200 96179 85294 77284 68148 60996 53582 48349 41413 37152 32711 28256 24796 21734 18466 14220 7396 0 0 0 0 0 0 808 623 219 0 0 0 0 0 0 0 0 0 0 0 0 0 12 72 0 34 94 0
380 0 0 0 0 0 0 0 0 0 0 0 0 0 0 0 0 0 0 0 0 0 0 0 0 0 0 8441 21403 40445 70867 111963 164706 225978 292992 361467 430099 488158 539229 580004 606470 622996 630360 627325 618663 598942 580558 542059 498215 455403 414886 383114 348288 316604 289133 261185 236250 212068 189614 170799 151011 132441 118663 102267 92182 81152 71264 62849 55474 48030 40416 32347 21893 13909 10690 10125 10792 10865 10248 8695 7757 6209 4274 3247 2178 916 341 371 399 875 1004 1259 1091 979 850 750 412 264 244 0.00E+00
370 0 0 0 0 0 0 0 0 0 0 0 0 0 0 0 0 0 0 0 0 0 0 0 0 325 7337 21063 43831 82215 136664 212561 306433 411033 532566 656317 767290 869820 961873 1026129 1074490 1097470 1108765 1099234 1083473 1050653 1021707 953398 875100 798695 730569 670391 612040 558557 507559 461595 418652 373746 336326 298625 268183 235641 209807 183689 163370 143623 127262 111940 98029 87058 75025 63626 50995 41095 35514 30344 27626 24531 22282 18602 16121 13609 11727 9575 7416 6211 4862 4161 3683 3270 3132 3017 2324 2102 1355 0 0 0 0 0
360 0 0 0 0 0 0 0 0 0 0 0 0 0 0 0 0 0 0 0 0 0 0 0 0 3726 13207 30441 63422 115021 185654 287965 418185 566132 725936 885532 1037679 1168720 1279268 1367579 1432643 1469149 1479245 1467975 1443947 1398236 1355667 1275998 1166550 1062021 976973 892727 819658 747336 681811 619538 558678 502958 451382 404447 358765 316727 281737 249975 221069 193006 170080 152932 133844 116698 101940 87686 72804 61965 52669 47116 40774 35117 30802 26995 22422 19464 16145 13728 11328 9672 7891 6815 6051 5057 4247 0 0 0 0 0 0 0 0 0
350 0 0 0 0 0 0 0 0 0 0 0 0 0 0 0 0 0 0 0 0 0 0 0 1300 6808 17009 34859 66343 133031 224473 343208 485224 647329 827075 1004886 1173601 1325322 1446414 1542149 1613428 1649761 1662103 1647697 1618182 1576633 1526840 1428315 1310465 1196576 1095478 1005490 921778 839675 769969 693030 627666 564356 507614 452599 403439 355953 317747 281847 248157 218703 192888 170558 149964 132494 115304 99477 85674 72540 63388 54726 47381 40791 35693 30928 26314 22735 19619 16233 13365 10930 8897 0 0 0 0 0 0 0 0 0 0 0 0 0
340 0 0 0 0 0 0 0 0 0 0 0 0 0 0 0 0 0 0 0 0 0 0 0 763 0 5880 37906 75758 135338 221824 335909 477303 636601 804955 980690 1138408 1289780 1410398 1495248 1567587 1598032 1612193 1595735 1572483 1527772 1480046 1384638 1269185 1160441 1062600 975696 892291 811127 743200 674208 608836 548881 490615 438207 391043 348203 306481 272453 239999 212350 186096 165852 146430 128260 111058 96218 83048 71971 60953 53303 45584 39898 34463 29372 26067 21722 18136 0 0 0 0 0 0 0 0 0 0 0 0 0 0 0 0 0
330 0 0 0 0 0 0 0 0 0 0 0 0 0 0 0 0 0 0 0 0 0 0 0 0 4522 14884 32518 67323 119561 193767 290833 411934 551541 696779 843289 981636 1109470 1210322 1290862 1342782 1379357 1388376 1375222 1353816 1312173 1274469 1188882 1090530 999682 915051 838477 767859 702602 636210 577878 524359 472811 421815 377673 335985 299419 265285 233973 205341 182710 160854 141996 124998 110192 96567 82588 72178 61545 52655 46250 39942 34100 29551 0 0 0 0 0 0 0 0 0 0 0 0 0 0 0 0 0 0 0 0 0
320 0 0 0 0 0 0 0 0 0 0 0 0 0 0 0 0 0 0 0 0 0 0 0 0 214 6843 20461 45541 83316 138243 210802 298150 396851 504051 615359 717240 808794 881212 943041 983513 1002235 1010632 1007142 988351 957980 930374 871999 796900 727869 664655 613590 560092 511334 466612 419847 381033 342317 305573 275479 245059 216713 192316 168238 149010 131558 116568 102352 90686 79353 68508 60029 51637 44684 37524 0 0 0 0 0 0 0 0 0 0 0 0 0 0 0 0 0 0 0 0 0 0 0 0 0
310 0 0 0 0 0 0 0 0 0 0 0 0 0 0 0 0 0 0 0 0 0 0 0 0 0 1972 9938 24910 48076 81272 126302 182766 243298 309873 375770 441454 498206 547087 579076 606320 619672 623642 618939 607447 589543 572807 537312 490546 447287 409820 376938 343225 313660 285513 259127 232319 210321 187887 168601 149695 132234 117208 102606 91385 81096 71169 62446 54545 48158 41947 0 0 0 0 0 0 0 0 0 0 0 0 0 0 0 0 0 0 0 0 0 0 0 0 0 0 0 0 0
300 0 0 0 0 0 0 0 0 0 0 0 0 0 0 0 0 0 0 0 0 0 0 0 0 0 0 2585 10212 22591 39587 63192 92218 124903 161254 197443 230165 259940 286250 302995 318729 327495 328755 327366 322407 310617 302950 282688 258169 236056 214912 196988 179589 163759 148523 134581 122551 109207 96616 88500 77087 68095 59897 52897 47284 40797 35997 0 0 0 0 0 0 0 0 0 0 0 0 0 0 0 0 0 0 0 0 0 0 0 0 0 0 0 0 0 0 0 0 0
290 0 0 0 0 0 0 0 0 0 0 0 0 0 0 0 0 0 0 0 0 0 0 0 0 0 0 0 4559 11262 22024 36009 52471 71789 93768 113698 135691 152861 168104 179587 187925 192615 194292 193481 188915 183152 178003 165907 151210 137592 126098 115549 106381 97062 86897 78809 71032 63292 57024 49675 44691 39668 35132 0 0 0 0 0 0 0 0 0 0 0 0 0 0 0 0 0 0 0 0 0 0 0 0 0 0 0 0 0 0 0 0 0 0 0 0 0
280 0 0 0 0 0 0 0 0 0 0 0 0 0 0 0 0 0 0 0 0 0 0 0 0 0 0 2914 8509 17837 31658 48247 70288 95586 124659 150721 176186 199936 219421 234883 243876 251886 252430 248306 244405 238169 230503 215309 195424 178818 162292 148374 134320 123792 113007 102387 91146 81764 72502 0 0 0 0 0 0 0 0 0 0 0 0 0 0 0 0 0 0 0 0 0 0 0 0 0 0 0 0 0 0 0 0 0 0 0 0 0 0 0 0 0
270 0 0 0 0 98 0 0 0 0 0 0 0 0 0 0 0 0 0 0 0 0 0 0 0 0 1290 5054 12160 23049 38925 58923 86284 116996 148614 184000 216697 244486 267901 283145 299251 303071 306923 305549 300368 291470 283828 262907 240204 218594 201262 183736 166840 151284 137516 0 0 0 0 0 0 0 0 0 0 0 0 0 0 0 0 0 0 0 0 0 0 0 0 0 0 0 0 0 0 0 0 0 0 0 0 0 0 0 0 0 0 0 0 0
260 0 0 80 68 0 0 0 0 0 0 0 0 0 0 0 0 0 0 0 0 0 0 0 0 0 821 3599 8182 15939 26995 42292 60623 82213 104783 129656 150793 173768 190188 205699 212717 218604 219102 219572 213668 209760 201716 188704 170305 156892 142843 0 0 0 0 0 0 0 0 0 0 0 0 0 0 0 0 0 0 0 0 0 0 0 0 0 0 0 0 0 0 0 0 0 0 0 0 0 0 0 0 0 0 0 0 0 0 0 0 0
250 60 88 38 40 28 18 16 0 0 0 0 0 0 0 0 0 0 0 0 0 0 0 0 0 0 188 1731 4169 7980 13439 20771 30341 41272 52621 64787 76100 86500 95642 103397 106686 110369 110637 109725 107815 104725 102201 0 0 0 0 0 0 0 0 0 0 0 0 0 0 0 0 0 0 0 0 0 0 0 0 0 0 0 0 0 0 0 0 0 0 0 0 0 0 0 0 0 0 0 0 0 0 0 0 0 0 0 0 0