260 265 270 275 280 285 290 295 300 305 310 315 320 325 330 335 340 345 350 355 360 365 370 375 380 385 390 395 400 405 410 415 420 425 430 435 440 445 450 455 460 465 470 475 480 485 490 495 500 505 510 515 520 525 530 535 540 545 550 555 560 565 570 575 580 585 590 595 600 605 610 615 620 625 630 635 640 645 650 655 660 665 670 675 680 685 690 695 700 705 710 715 720 725 730 735 740 745 750

520 0 0 0 0 0 0 0 0 0 0 0 0 0 0 0 0 0 0 0 0 0 0 0 0 0 0 0 0 0 0 0 0 0 0 0 0 0 0 0 0 0 0 0 0 0 0 0 0 0 0 0 0 0 0 23625 19653 16276 13582 11303 9183 8145 6808 5585 4466 3588 2813 2164 1887 1297 1159 775 324 124 24 0 0 0 0 80 76 0 0 0 0 0 0 0 0 0 0 0 0 38 0 0 0 0 0 0
510 0 0 0 0 0 0 0 0 0 0 0 0 0 0 0 0 0 0 0 0 0 0 0 0 0 0 0 0 0 0 0 0 0 0 0 0 0 0 0 0 0 0 0 0 0 0 0 0 0 0 0 0 81886 78727 69905 57216 47521 38511 31706 27069 23201 19433 15947 13642 10316 8533 6800 5600 4833 3667 2734 1570 0 0 0 0 248 374 216 130 92 0 0 0 0 0 0 0 0 0 0 0 0 0 0 0 2 0 0
500 0 0 0 0 0 0 0 0 0 0 0 0 0 0 0 0 0 0 0 0 0 0 0 0 0 0 0 0 0 0 0 0 0 0 0 0 0 0 0 0 0 0 0 0 0 0 0 0 0 0 96024 118336 124807 118906 103832 85938 69884 56773 47967 39888 34236 28938 24090 19201 15915 13069 10657 8344 6892 4503 3709 2654 1623 1069 847 317 887 652 700 488 348 68 78 0 0 0 0 0 0 0 0 0 0 0 4 18 28 4 40

490 0 0 0 0 0 0 0 0 0 0 0 0 0 0 0 0 0 0 0 0 0 0 0 0 0 0 0 0 0 0 0 0 0 0 0 0 0 0 0 0 0 0 0 0 0 0 0 0 28841 54673 79341 96640 101552 96130 84323 69593 56389 45487 37590 32025 27676 22996 19446 16158 12758 10695 7294 5979 5160 4117 3340 2236 1736 1325 827 703 608 630 476 262 332 158 164 30 0 0 0 0 0 0 0 0 14 0 6 0 0 0 0
480 0 0 0 0 0 0 0 0 0 0 0 0 0 0 0 0 0 0 0 0 0 0 0 0 0 0 0 0 0 0 0 0 0 0 0 0 0 0 0 0 0 0 0 0 0 0 4911 10862 22570 39327 57279 70072 72623 68649 58979 49772 40615 32680 27120 22917 19803 17794 14489 10931 8138 7052 5894 4686 3744 3011 2374 1765 1321 815 677 348 456 400 378 366 198 120 108 0 0 0 2 0 0 0 0 0 0 0 0 0 0 0 0
470 0 0 0 0 0 0 0 0 0 0 0 0 0 0 0 0 0 0 0 0 0 0 0 0 0 0 0 0 0 0 0 0 0 0 0 0 0 0 0 0 0 0 0 0 969 2751 5501 10491 21374 38065 54538 66742 69131 64420 56173 46148 37566 30915 27439 23247 18024 14506 13159 10938 9014 7112 5832 4534 3722 2981 2514 1804 1305 789 779 731 522 574 300 220 246 112 22 78 16 0 0 0 0 0 0 0 0 0 0 2 0 0 0
460 0 0 0 0 0 0 0 0 0 0 0 0 0 0 0 0 0 0 0 0 0 0 0 0 0 0 0 0 0 0 0 0 0 0 0 0 0 0 0 0 0 0 811 2084 3104 3404 4546 7695 13620 22945 31822 39774 40197 38088 34171 28958 23623 17482 13940 12577 11457 9864 8306 6887 5657 4560 3695 3135 2610 2114 1651 1347 793 548 492 392 448 308 214 160 162 138 30 0 0 0 0 0 0 0 0 0 0 0 0 0 0 0 0
450 0 0 0 0 0 0 0 0 0 0 0 0 0 0 0 0 0 0 0 0 0 0 0 0 0 0 0 0 0 0 0 0 0 0 0 0 0 0 0 0 986 2222 2948 3348 3576 3799 4189 6069 9259 14178 19529 23336 26082 24965 19119 14091 13213 11032 10121 8471 7255 6935 5861 4503 4102 3200 2867 2344 1862 1459 1283 931 697 310 190 0 276 200 192 152 158 6 16 20 0 0 0 0 0 0 0 0 10 0 0 0 0 0 0
440 0 0 0 0 0 0 0 0 0 0 0 0 0 0 0 0 0 0 0 0 0 0 0 0 0 0 0 0 0 0 0 0 0 0 0 0 0 0 1878 2853 3688 4373 4309 4275 4525 5010 4895 5741 7929 12398 16393 15314 13712 13903 13695 11790 9858 8615 7917 6174 6110 5351 4822 3954 3318 3134 2629 2090 2000 1763 1221 573 317 82 0 0 0 90 250 246 94 0 0 72 0 0 0 0 0 0 0 0 0 0 0 0 0 0 0
430 0 0 0 0 0 0 0 0 0 0 0 0 0 0 0 0 0 0 0 0 0 0 0 0 0 0 0 0 0 0 0 0 0 0 0 0 4468 6186 7466 8649 8825 9152 9879 9536 9747 10133 11330 13635 12657 8674 11201 14434 15205 13771 12044 11601 9900 9127 7948 7246 6547 5992 5512 4633 4178 3613 3410 2777 2226 1876 1286 292 0 0 0 0 0 0 130 134 78 0 0 0 0 0 0 0 0 0 0 0 0 0 0 0 0 0 0
420 0 0 0 0 0 0 0 0 0 0 0 0 0 0 0 0 0 0 0 0 0 0 0 0 0 0 0 0 0 0 0 0 0 0 19013 25528 30053 35067 37947 39704 41494 42677 42842 44115 47001 46181 36476 32978 34728 33956 33681 31950 29968 27296 25640 23386 21387 19270 17502 15124 14265 11826 11091 9493 8689 7817 6607 6045 5387 3821 2179 0 0 0 0 0 0 0 0 270 0 0 0 0 0 0 0 0 0 0 0 0 0 0 0 0 0 0 0
410 0 0 0 0 0 0 0 0 0 0 0 0 0 0 0 0 0 0 0 0 0 0 0 0 0 0 0 0 0 0 0 0 75800 102117 128705 154566 176049 196235 213031 222885 231167 238609 241269 229624 218868 219026 207694 190376 175293 162389 150079 138367 128484 116088 105704 95182 85798 77931 69482 62173 55503 49348 42854 38318 33875 29784 26346 23111 19301 15988 9808 1239 0 0 0 0 0 1418 1646 1386 680 0 0 0 0 0 0 0 0 0 0 0 12 142 158 164 78 156 66

400 0 0 0 0 0 0 0 0 0 0 0 0 0 0 0 0 0 0 0 0 0 0 0 0 0 0 0 0 0 0 193118 287989 393558 513453 627635 743218 836748 921976 988777 1038030 1057986 1058902 1061597 1046289 1016157 988925 925693 848026 776485 711559 658213 599137 554661 500772 456162 411176 368922 331786 296971 262741 235543 207957 185011 161769 142833 126531 111901 99001 86747 73095 57323 37050 22365 19343 17167 17800 19607 18098 16280 13302 10133 8080 5254 3171 1750 0 313 676 1315 1823 1869 2016 1898 1603 1705 1415 1189 1008 888

390 0 0 0 0 0 0 0 0 0 0 0 0 0 0 0 0 0 0 0 0 0 0 0 0 0 0 0 0 221394 380654 584767 835140 1119620 1424548 1723093 2009209 2253987 2443685 2580732 2703395 2762405 2783070 2757131 2707588 2627556 2547770 2386071 2187069 2011540 1838814 1694025 1551087 1420656 1291461 1173800 1057120 953888 854880 764901 682473 605611 533251 475219 418257 372347 327851 290322 255193 222663 193745 164508 133366 108563 93469 81585 72152 65773 57862 50258 42859 35702 29905 24987 20672 16205 13399 10783 9975 10052 8312 7559 7151 6210 5307 4608 4034 3734 3019 2983

380 0 0 0 0 0 0 0 0 0 0 0 0 0 0 0 0 0 0 0 0 0 0 0 0 0 0 88642 194136 360684 599287 901363 1269106 1677978 2103292 2500267 2860499 3190758 3474529 3660504 3788170 3856296 3868760 3835625 3759663 3661042 3537058 3315459 3056515 2809103 2574486 2374614 2175888 1995004 1813433 1649585 1490050 1340968 1204314 1075499 958511 852641 754463 670267 594837 523635 463534 410723 360323 316343 276118 238663 201254 169415 145908 127061 110186 97508 85161 73507 63248 54012 45084 39214 32621 27406 22566 19976 16601 15413 13261 12046 10545 8757 7630 6918 5494 4839 4671 0.00E+00

370 0 0 0 0 0 0 0 0 0 0 0 0 0 0 0 0 0 0 0 0 0 0 0 0 2664 25908 71228 156060 283695 470964 700761 971033 1246933 1587466 1919517 2215290 2470820 2669273 2817129 2921490 2965470 2976765 2949234 2885473 2791653 2708707 2528098 2319600 2125095 1942269 1786391 1632940 1493157 1356459 1233595 1110752 1001946 896826 801725 711183 635041 564807 498689 440570 390523 343762 305240 267800 233886 205523 177257 150003 127963 111005 95701 82937 73001 64136 54611 47042 39644 33216 28655 23762 19978 17526 14674 12975 11211 10111 8388 7053 6239 4984 0 0 0 0 0

360 0 0 0 0 0 0 0 0 0 0 0 0 0 0 0 0 0 0 0 0 0 0 0 0 945 12812 38169 84947 153321 226454 337765 530785 717832 904336 1078932 1245679 1381720 1500268 1585579 1648643 1669149 1680245 1657975 1619947 1568236 1517667 1410998 1290550 1183021 1083273 987727 904358 827536 752111 679238 612778 551058 494782 441947 391665 349827 307937 272975 240369 213206 186480 166032 146144 128098 111040 96052 81302 68309 58769 51422 44312 39143 34105 29666 25393 21253 18417 15309 12771 10854 9290 7323 6489 5271 4323 0 0 0 0 0 0 0 0 0

350 0 0 0 0 0 0 0 0 0 0 0 0 0 0 0 0 0 0 0 0 0 0 0 0 0 4052 1034 0 50735 145973 226708 317224 419729 527675 630186 728601 808922 880614 929649 965528 978961 980803 971197 945982 913833 885840 823915 747865 687876 628278 573590 523478 476775 433569 391330 354166 319756 284614 253799 225239 199753 176947 156347 138357 122103 107888 94255 82536 73200 63787 54329 45808 38442 32820 27951 24610 22478 19188 16193 14041 11529 10144 8167 6580 5024 4169 0 0 0 0 0 0 0 0 0 0 0 0 0

340 0 0 0 0 0 0 0 0 0 0 0 0 0 0 0 0 0 0 0 0 0 0 0 0 0 0 0 32208 67609 117724 178809 254803 337401 425255 511190 590708 655680 713298 754448 775587 792332 792793 783735 768483 740172 716746 666938 606185 554941 504700 464296 423791 390027 351000 316908 285036 257381 229615 205607 182043 162503 143281 127053 110299 98278 86670 75813 66720 58278 50541 44617 37012 30495 26543 23434 20329 17479 15477 13069 10974 9200 7156 0 0 0 0 0 0 0 0 0 0 0 0 0 0 0 0 0

330 0 0 0 0 0 0 0 0 0 0 0 0 0 0 0 0 0 0 0 0 0 0 0 0 0 0 12660 38316 79280 136767 209633 296834 390041 493779 588589 681836 757770 823022 871462 896982 915957 916576 903722 881816 856373 832269 770782 704530 642482 588451 539077 491459 449602 407610 368278 331759 298311 267915 238673 212085 187919 164085 146373 128941 114510 100154 88469 77619 67526 59462 51232 43796 38089 32133 27617 24287 20854 17235 0 0 0 0 0 0 0 0 0 0 0 0 0 0 0 0 0 0 0 0 0

320 0 0 0 0 0 0 0 0 0 0 0 0 0 0 0 0 0 0 0 0 0 0 0 0 0 2250 22288 60366 118294 203743 305102 428750 565051 705451 847659 976340 1079994 1174812 1239541 1285213 1305235 1311632 1297142 1263551 1225680 1184574 1101299 1010700 923669 842255 771290 704292 642934 584612 529847 479033 429417 385473 343579 306059 271313 240716 211838 186410 164158 143868 128652 112680 99220 86992 74915 64883 55340 47376 21990 0 0 0 0 0 0 0 0 0 0 0 0 0 0 0 0 0 0 0 0 0 0 0 0

310 0 0 0 0 0 0 0 0 0 0 0 0 0 0 0 0 0 0 0 0 0 0 0 0 0 10028 38385 89880 166697 278573 416202 582466 762998 953673 1139070 1307054 1456806 1577487 1664476 1722020 1749572 1758042 1732639 1696247 1641043 1586207 1483712 1356946 1234387 1131720 1041038 945525 867160 787513 713427 645619 580121 518587 462801 413095 367934 323408 287706 252666 222784 197212 173710 154124 133489 117861 87419 0 0 0 0 0 0 0 0 0 0 0 0 0 0 0 0 0 0 0 0 0 0 0 0 0 0 0 0

300 0 0 0 0 0 0 0 0 0 0 0 0 0 0 0 0 0 0 0 0 0 0 0 0 724 14146 41367 94088 169231 282591 416554 583518 763303 952854 1136043 1304165 1446940 1572850 1655695 1713929 1744395 1743155 1725566 1683207 1630417 1576650 1468888 1345469 1229756 1124112 1031288 944289 857959 780923 708881 643651 575007 515253 460272 411060 364256 322068 283642 251342 222700 196051 165077 0 0 0 0 0 0 0 0 0 0 0 0 0 0 0 0 0 0 0 0 0 0 0 0 0 0 0 0 0 0 0 0

290 0 0 0 0 0 0 0 0 0 0 0 0 0 0 0 0 0 0 0 0 0 0 0 0 904 12150 34773 76294 137363 226909 334813 466297 608272 758768 904298 1040291 1155961 1248204 1315487 1360325 1385515 1388792 1368281 1339415 1295652 1249103 1165607 1057710 970692 883798 810349 742081 677651 613761 558097 501185 450691 404479 360254 319510 282852 250100 220374 0 0 0 0 0 0 0 0 0 0 0 0 0 0 0 0 0 0 0 0 0 0 0 0 0 0 0 0 0 0 0 0 0 0 0 0

280 0 0 0 0 0 0 0 0 0 0 0 0 0 0 0 0 0 0 0 0 0 0 0 0 0 0 5620 16612 33563 58740 89491 125432 164986 209659 248721 286786 321136 349321 365983 377976 386286 384230 379606 370105 360169 343403 319309 290424 266118 240692 220374 200620 181292 165307 150187 133837 120413 107799 95979 0 0 0 0 0 0 0 0 0 0 0 0 0 0 0 0 0 0 0 0 0 0 0 0 0 0 0 0 0 0 0 0 0 0 0 0 0 0 0 0

270 0 0 0 0 0 0 0 0 0 0 0 0 0 0 0 0 0 0 0 0 0 0 0 0 0 0 0 0 0 306 1656 3660 6488 8783 11287 13821 15072 16963 18274 18956 19557 19869 19095 18468 17602 16373 14992 14048 12126 11168 10160 8415 8079 6731 6089 0 0 0 0 0 0 0 0 0 0 0 0 0 0 0 0 0 0 0 0 0 0 0 0 0 0 0 0 0 0 0 0 0 0 0 0 0 0 0 0 0 0 0 0

260 0 0 0 0 0 0 0 0 0 0 0 0 0 0 0 0 0 0 0 0 0 0 0 0 0 0 0 0 0 0 0 807 2036 2864 4678 4789 6721 6816 7655 7894 8357 8278 8326 7339 7499 6774 6511 6089 5281 4744 4268 0 0 0 0 0 0 0 0 0 0 0 0 0 0 0 0 0 0 0 0 0 0 0 0 0 0 0 0 0 0 0 0 0 0 0 0 0 0 0 0 0 0 0 0 0 0 0 0

250 20 20 0 0 0 0 0 0 0 0 0 0 0 0 0 0 0 0 0 0 0 0 0 0 0 0 0 0 0 0 609 1521 2848 4277 5661 6934 7532 8703 9745 9879 9741 10192 10175 9750 9209 8923 8010 0 0 0 0 0 0 0 0 0 0 0 0 0 0 0 0 0 0 0 0 0 0 0 0 0 0 0 0 0 0 0 0 0 0 0 0 0 0 0 0 0 0 0 0 0 0 0 0 0 0 0 0
